#FORMAT: BEACON
#PREFIX: http://d-nb.info/gnd/
#VERSION: 0.1
#TARGET: http://www.weber-gesamtausgabe.de/de/gnd/{ID}
#FEED: http://weber-gesamtausgabe.de/pnd_beacon.txt
#CONTACT: Peter Stadler <stadler [ at ] weber-gesamtausgabe.de>
#INSTITUTION: Carl Maria von Weber Gesamtausgabe (WeGA)
#DESCRIPTION: Personendatensätze der Carl Maria von Weber Gesamtausgabe
#TIMESTAMP: 2017-04-04T19:58:19.588+02:00
10427719X
116101849
118657887
116221054
136959660
123042844
1033970972
116160314
117462608
130840246
118115073
1034489860
1032615583
118508288
11613481X
1028426135
116205814
116209429
120150697
118660764
1012176398
116120355
118510169
1079275835
128931930
116591358
116155485
143906437
116107650
116155582
131462938
116208503
116207523
116163127
116119985
116208074
102499020
118655329
11897307X
116148527
118824775
119047365
116149698
116150254
130803839
116208716
119474735
13848676X
119127601
118511882
118095102
118512978
116195398
118510347
116194863
118508008
116120800
103869948
1023591979
11612363X
116233214
13235554X
1050651480
116199962
157503801
135008220
100465692
117385123
11625257X
118581465
124431313
118646532
134645626
124381332
107800179
118628038
12946130X
118724223
118724169
104045140
121259714
116718234
10031998X
118931474
116471751
117423459
116993871
102459355X
131859358
110406060
117462721
108355241
108162737
116235594
118796348
135744806
136006043
116118458
118646540
116867787
117217204
116070803
117462535
1033529524
136548024
111386322
116083441
124419798
119000008
106587404
116791918
172314798
11801448X
117128929
116234776
1017766991
124332498
12917498X
142627909
122801083
132606100
116174919
123906970
135705150
12946435X
118678043
1021946206
118526731
115807462
118901753
130150630
115677178
117271454
102419965
101361769
116159421
116178221
1041616031
116222921
130014737
121624404
117101680
118688030
119216132
142342513
115484167
102463077
118527894
116239077
116297506
117513318
11949924X
102109117
117737208
118703226
116797673
117267457
129464929
116560193
118687301
138561850
119463288
118535978
123841844
131942522
118534955
118809962
1029383782
118505092
116796863
118693441
124684580
11853596X
118583700
172280788
124180027
117608092
100234526
121114155
116879696
116513772
119176653
119443880
1054107572
137901038
1041637667
117596302
118678809
117604739
130631523
118771760
128881534
118735128
11691582X
11873721X
118585045
119233665
11867286X
118584588
119368722
118586777
118737643
134803892
117071099
130167266
118738550
1034434942
118586688
130590762
116649666
116908343
129486124
116666390
116589205
118690450
137741189
105337285
11686625X
1018977120
128553170
140137491
116809299
116731761
173087124
1048595595
116542063
118891464
116564741
130591246
102522359
10419345X
104345616
136480411
118690728
116323876
140233547
137302851
116592079
118699075
11680906X
136480446
116592036
122844343
116857056
1021278440
121083683
116908327
117219770
118896156
118540238
116540079
11665810X
104234520
116589256
119380765
116539941
118695916
118717170
118539841
118542192
118538810
118542079
1038112001
136291732
116542020
11688830X
1073606325
11622732X
117458813
118567837
133698254
116535547
104294183
116602678
136062814
11635190X
100197035
116260645
10912796X
116533676
116602651
1019430818
118811266
135733456
116270810
118563300
116609885
11617207X
10391000X
123520681
118713507
135697875
116300590
119060949
118885235
116187689
116210974
118939440
119184710
119498162
129489956
116652047
11898618X
12081997X
135745438
136128521
142345776
116300914
1036382524
115694056
118565796
11627364X
123581656
11871600X
118777238
118567543
116292105
11638896X
118563386
102851379
11739632X
137912560
116256982
117165190
116498889
142314684
129009652
1033516244
118766384
138230838
117481718
131977318
118617583
100510671
105357343X
119425378
11865103X
120884895
104022094
143805517
10496748X
12108759X
136429319
118549006
123207533
118973614
142314498
116824670
1052510841
1030594368
135697840
130655732
1050420543
119448009
116028203
118593021
118647652
118890220
1024672263
118792431
116471913
124815014
133113817
117746371
117492175
119481464
117165069
1044301910
116309105
117731323
116650788
121365131
124179665
110562399
133463249
117356999
120474239
116315865
116331674
124683029
116050438
116316829
123411173
118846922
11850505X
118650890
116056363
116036842
130068241
120367246
100289614
136913490
118646192
130579777
119286335
136803504
122932420
116349891
104345519
102835047
100011152
119000121
131686429
101845098X
116012048
1052620140
11601198X
128477091
135718805
130068225
116014180
11603680X
116080272
118501704
116001062
101460996
117000671
118505505
100418449
117764310
141311649
116312610
11606840X
119560038
136910289
119333449
118917382
100026826
129459658
118657585
124288197
118868306
118504177
119372843
122364821
138619107
117495255
103722941X
118518860
137634102
117246077
117330132
117592757
1011645971
11730767X
132670569
116515368
127686576
116368853
116037881
11737606X
141495650
104137746
122171403
131556835
119529009
115706836
136261698
118696211
100439675
118563343
130840653
118592858
116336382
1073163792
116429682
104173793
103866469
120258641
116664134
119354438
133659852
117048984
119255944
116150335
116598271
130841048
11877638X
117440302
118577891
116733888
117446408
100755984
118864815
11850553X
103288312X
1028377924
118505521
117396664
1020853964
132362473
121675734
116136812
119096153
135924499
1059507544
116863838
118505548
13591647X
118851128
132205866
118503952
102375119
116540494
104254165
118656864
117375802
116316608
118749080
118651471
11874612X
119060590
1050416007
118781421
117029408
118639242
116193220
104311665
117512419
100599672
100497756
119508036
11620057X
136261760
118584138
120210347
11935263X
1050991230
1025122534
104235012
129143030
119392976
119203588
11656377X
118727699
128079673
1017103852
11716643X
123431891
143605550
118620193
1043394079
117027014
1045710539
116314850
118849921
117277177
116014768
100017045
104224401
116346035
116832223
11703018X
103805850
117315516
1046289578
118628674
116995696
101423004
118554727
118534483
118558404
117022667
141831774
104378697
116001593
117596205
116422408
117174602
117550175
128564776
118574892
117022624
136803881
116261773
142594350
14352609X
102411182
144055465
117327433
131485040
118725343
116287322
116479612
116520655
117021938
118637266
117237957
100063934
128423749
116507497
117103136
116344512
122955242
117381713
122651634
1050461177
1046930524
102166587
137523785
137611536
1025289595
141359447
136029035
118536249
104088117
130658081
116565292
135341787
118766325
13645979X
132181525
118538659
124947239
116450088
119164035
118694162
14235645X
118690965
12159176X
102532907
11851136X
1034113550
118694375
11857826X
136106358
117015245
13834907X
1077453132
123594219
117027006
118659170
118793241
118596608
11537874X
118604953
116450037
116671742
117061441
116514426
135925460
117045098
119424940
117144398
105763004
100094546
118895923
116094257
119408163
116956739
117061409
116305630
117310719
116314338
117338370
118725947
129135992
116985070
1067476210
1038489601
1046666134
118576291
130664480
116768703
137076304
1036997022
130248789
160282489
135905443
100172164
116622113
122210999
134728173
142295140
1046202111
13625585X
101007183
116385308
116254351
11861911X
132410184
141166096
156428393
1035161958
133092798
138033021
121534154
13644251X
116924950
117230294
116216158
118641794
116899239
130812617
117456233
130126446
118640208
116207388
122594746
116582049
102436843
118622994
1052567339
117384259
132438291
113667434
118678841
115855130
117635383
115594361
1043477640
118650114
134344529
104138378
116088796
129463531
118603256
119559994
118670387
117101931
115468048
101365489
121592294
159708257
11710745X
12937749X
13632553X
134171632
104286636
116338288
103979182
132206951
11638686X
130638595
11659294X
130928968
116236450
1056131020
119312700
128083859
116297182
118777602
13390637X
116274352
116285036
118574213
116389060
117359602
103891986
118061305
117274852
117355275
11729781X
119399253
11862119X
117421227
117201731
173019633
117392359
119115530
117197068
100597289
117375268
118620185
100624944
116510978
118508121
116081384
1032804394
119555042
101937120X
139771743
118786199
12028572X
121599027
1019623209
1067078746
116098570
118653393
103867848
120327112
128911026
123526566
117048836
132249634
117767611
121254569
104364467
124411576
118852728
131994786
141439394
117350370
11703939X
116566310
116070951
11656959X
116276479
1045784591
11609401X
137592434
1013451864
10046517X
118670689
118540084
137547943
130609846
121129462
117059560
118540939
116048638
117243388
11851850X
134892496
118733141
118784846
138334501
142204412
119209349
1019730250
118644386
118572121
130019488
118520490
116616261
118696823
1034210661
118518399
118632477
121346498
101138601
104201088
116088516
115548807
118597523
116222433
11698595X
117251046
119323915
124621546
119211505
132771632
116819537
119160048
104173416
121387038
12947634X
124505937
10403128X
117003689
117035769
141505133
104044802
116766301
101488769
118752715
119301199
124790569
118626167
116563311
14185880X
102341435
119362406
119105063
1022247212
131687727
116332662
134554442
118540246
123473918
118633902
118631748
140127364
102104387
117333840
129798282
132425084
118632884
100704018
102282099
140853898
116584408
100121578
117068098
12097570X
1036889661
116587008
119264897
129479616
131575872
135990300
122414721
118680552
116574933
116194472
116586346
116332603
116379766
118685899
136093175
135744695
142009563
132046601
11658436X
118688634
11911044X
116489227
116436077
104565549X
116329475
130146870
118686763
136547222
116222964
123730872
117759147
116253657
1074234936
117288195
11614968X
130248746
133823407
116473843
116557435
131575864
116587113
1073445135
141628758
117731609
100695388
1012295419
116322349
116256931
116471875
1036805824
116425415
131555391
104063009
123214181
118956531
118529714
1043720979
123054362
11855588X
118554840
134161270
116881119
10043746X
117212822
128778458
117045063
115676066
136256481
136203884
118712357
135203023
102104395
12946581X
1041963602
142302104
1089634196
141654295
102208247
135294681
1014359422
116194022
116872373
1020227702
153121556
124535208
100845908
1012264130
136456170
122990226
11910704X
100499635
1017691703
117173266
133576582
118507206
118612425
1012368904
141504838
118555855
117721638
116299347
104274212
1012703428
142302198
117673862
137923651
11617949X
1030374503
117112984
1018729577
118549448
123839491
116094214
122058445
100240488
102164711
12020620X
1069219452
109504933
118545426
117761060
123838037
116256990
117337455
1029371636
119322366
143744135
117196061
135556546
1033469424
133610012
118779141
14012683X
142917842
122635388
116657979
116720964
121463516
104227737
118668153
118531395
118640445
119059800
11645041X
119118602
118556126
134672275
131605062
118549855
118574469
116879815
117188921
119052636
11868468X
116051760
103108572
123035767
116036877
100232000
1026349575
119309912
117096091
100054315
118615688
1032262583
118622897
101012365
123993393
118520814
100848842
117044237
100308023
142807486
1032156031
100700411
117394963
11737492X
117290696
101945704X
1044333006
129477834
118633058
117447102
117379298
119357550
118700421
117399620
131757784
120163683
117456934
117197289
118767755
117269565
117295752
129489867
116987367
116948779
117299545
117456918
1034559753
118806645
118637533
1022248936
10430376X
116301864
117443018
122393929
116042680
141847166
117380105
116480807
103958274
102375070
117342882
118636421
118804928
116752505
1081850132
119055716
11742692X
117420638
118633716
117300608
120755106
119460777
117333255
136160433
138597073
1015770878
130148490
11602321X
136725147
118538322
130928933
101372531X
117519901
1026867614
101464525
118735896
1057739669
116699043
13050002X
1026266572
132387212
138924341
11713399X
117620645
120984172
116539216
117267953
14248721X
116619449
1068086327
119044706
1036793672
116572167
133421023
139012222
137717725
14242823X
116793368
129473669
116179198
135729300
104950674X
118622358
139683658
117181250
143883364
174063725
116791810
143061003
130114030
100545580
13909542X
116119756
13346170X
11853601X
116403527
135697891
1036857441
119196190
116035633
136194575
117006777
118613642
117413135
116391448
118809539
116303093
119205173
117391018
118572741
118660063
117581364
128675756
135965179
12438272X
103944419
1070186821
116859628
116047917
104018593
132590913
14338578X
113299451
130579181
11643788X
116652357
119444933
135684986
11872262X
102308888
130366633
12302000X
118746405
119116510
11868518X
116574712
1058047701
116425725
104175931
116058870
116409746
118896628
11072433X
118929321
100317960
118744453
101453124
118745301
116323639
116368403
116549165
13461660X
103781315
116314915
116543205
120138999
173890245
116291346
1014490359
116374594
118601644
116544716
100385702
128987308
116551313
116423218
11860094X
119168596
104318759
100540074
116419784
116435992
105048553X
132535122
116579927
116572698
116291494
11627865X
118931482
1012175294
13974939X
100625320
116415878
1037137981
115548149
118788183
100322689
100763871
116264721
119344769
123611873
116576170
104091509
118743627
118599100
119531224
116336730
118597914
117269956
115399798
173080537
116836857
119552418
117326720
117271977
104117796
118620916
10785869X
138151938
117231290
118754688
138248427
13014505X
178442518
117501816
116829303
116815825
118607103
11860953X
116521457
118973967
100876412
118784714
118587773
124378706
137396791
118561871
118588893
116968427
116074701
116899344
11948756X
118583107
118553569
143276786
117080330
118737627
118715143
137569718
118628232
118565915
1019761113
11857647X
118580779
117081523
118551981
117139947
101244371
118575449
116066164
118573527
117296880
119430606
124270859
11628904X
118556657
116959827
117575364
103922253
117602477
116995351
117145033
117001333
118581309
116881151
116198796
118780026
118562258
118704931
118555553
118571508
118588079
11855333X
117084387
117596981
118776223
118550470
1049475240
117551406
118511084
118582607
117170399
118554700
11701608X
135895588
14242997X
116600098
139660828
116570881
118749838
104241160
135294835
118626175
118749811
118600877
118600966
116730811
116545933
116543671
11666245X
118600850
119147033
121262847
116282207
116290463
1027112218
11907396X
117486078
118982052
117397571
118982044
132579510
118575155
116842989
118781871
118575287
118560190
131781421
116260386
122815343
104303697
116930535
137353766
118633465
137780087
116023414
1019609451
116085053
11917426X
133618862
128964774
103796827
116687991
118520377
130113018
1037579046
1021269603
116828773
116271620
118660276
133853276
104333073
116476761
118887254
117648213
118967681
116525010
135719666
116504617
142879142
120770008
118667424
143060228
116440171
118667505
136187234
116747714
129462071
116493364
116395001
116436751
116523972
118834800
115445382
116431415
132572699
1013198468
115711449
12079389X
116776919
116554975
129490687
1043828311
119360659
13641012X
116237295
12985896X
141038284
118816578
119501201
116881054
117561193
119149575
11708090X
157733351
117120251
13702035X
116876786
143880519
116316616
116881011
118580728
116880988
116460253
122986547
116956887
117735728
118580485
120407868
116148268
141123648
11851198X
116163585
135180007
116221097
137190417
116210206
137428472
115811974
138700699
171972821
1026357934
118511394
133521508
13647490X
116114657
116511001
101845117X
121253171
118739964
11946912X
124738796
11624870X
116821701
118594168
104226056
104287071
118741713
116671963
123594804
116260874
118951076
116135220
116449926
100227392
117022470
116141395
116584017
104033088
11609396X
131482785
129478644
129655031
117721514
1047595222
140103325
101226503X
124869300
117427659
116738162
116263989
100100236
117027049
143058045
118979582
118689339
112872344
117588431
11755524X
118553526
1073934446
116342439
116667702
118963813
132426455
1032137622
136139639
103988327
123079098
118930583
1026115191
116636602
119307421
104323159
131831402
101533170X
101054440
118599712
11859964X
121588386
119150263
1012268470
116286342
117410497
118580949
117395919
126029687
134615417
1069212245
11875212X
116680520
133662454
11911643X
123511615
11867692X
117368857
1035380668
118828533
134862465
143288148
13785109X
1066597898
116925310
1037941462
113290063
116228660
1019763949
134387376
116552298
122461622
116943807
123875978
120932652
117467146
120241307
104001666
135267099
117211516
1055586911
101402775
135554098
116468157
141708050
1053410719
104305487
116353333
102572607
121057534
116053585
121032094
116518103
11910802X
118593625
1046950363
138224102
1058841084
117148970
129535346
117133817
104244739
12459090X
116498633
116171359
118994425
116299290
118587684
116343478
100591604
117113239
1037975014
121675076
1026772338
118828932
116252898
116199679
1022876902
118507850
102447578
1060128608
118509675
116155515
118518208
118515055
118517104
1068238321
100261779
133823474
11851167X
121599566
120820250
118511440
116010231
1032148837
118666312
10004106X
115849238
116237929
101929812X
138669260
133113833
102109109
132532042
118575236
130841137
116480289
1046756982
117521523
100794548
115437371
103970649
117611255
116603054
119434784
128572906
117235288
116009802
116469196
119011190
126087482
133193934
118531522
13606244X
1013799119
118552805
1011852608
116909161
117123560
104125489
104075813
104165707
140495053
118579371
118921584
103847189
116760079
1077499981
116163712
116611650
131412000
117269891
120974770
116778830
117444154
121067939
119337630
117335614
11907124X
116448199
118816098
189548401
118518011
128624280
129655910
123716055
139775927
118665685
118675648
118675109
113029241
119229102
104114436
116923091
11371047X
1073671542
116503068
118829130
11636906X
116911328
116511257
101363311
116061189
116498129
138600236
116490845
117066052
117247588
117100617
121096572
116444436
104339981X
130615595
102499683
117500089
118764756
118612514
103948171
124268498
131205579
10041544X
104070404
13451985X
132511231
118644300
1054450633
119193132
109813855
131595350
11850245X
116295260
118648268
135754968
118648748
1055183213
117764787
118505491
1035791161
118501690
132299399
115756183
108138054
128964790
128686138
118505084
116174935
1068784539
116778725
1049294106
117135968
100308104
1098211324
117043451
119175711
117089567
116898666
142417416
119011069
129478660
118738208
139479139
117573507
120299526
118785028
11858622X
138328951
100706134
12947861X
118838113
1023725088
117030953
1052846653
117047155
133119858
118737775
104264454
117016985
142302163
118785230
117016284
138387656
117578290
135155827
118587234
116953829
118581945
139208690
1041960093
117519510
116936371
117008338
118584596
10392423X
11931715X
13567896X
11858524X
11858331X
117041556
116632968
118782843
117602418
100552641
1036758699
132511568
11746483X
11875243X
118613219
1020251131
139321292
137697961
118856138
118938533
134064658
118617273
104206780
117460087
119118300
138225095
118684302
104091657
129252301
139095381
117398810
117428612
118797999
118613723
123721032
13220763X
117478202
117508594
11747617X
118616846
102200009
121622886
117472107
139587853
118617451
142744964
116949031
133663264
117400890
133667642
1077915551
117240044
118617818
117491055
118616366
117486175
115843477
116718854
142301531
118616374
118839853
104332042
118613480
138676798
117472484
10218206X
117743615
104136391
117260711
117464392
133601226
100562507
131551779
116894105
104010622
116576103
138414335
130187135
136137628
11654077X
118698508
102411034
11667878X
129094692
142617962
1043054707
104325011
117160245
11684938X
11940818X
117282022
116799293
118610031
12337166X
131998358
139578161
133916812
116829397
137108567
119503700
103134573
11681859X
118610961
138179654
117410969
117506575
1014242851
117167363
118761889
104245565
117140023
118612409
104122021
135926750
13818688X
103946292
119056569
119368579
117108189
118610473
137825951
117321613
1025533496
118762494
117184683
117317799
116799935
13816729X
118610813
100400159
119244616
104321695
117246603
116824948
103118187
135911788
118860372
118808494
124998372
118731890
130954357
10137979X
134566009
116225653
1028080158
117080128
100848915
135436400
120747316
11877137X
143659332
116984511
117052248
123649234
11863707X
130469793
118808370
117458600
118795961
1049232313
101042159
104378727
132442086
129604941
118515799
130123021
13476692X
116731923
13866661X
139803033
137135130
120691124
119355272
118852124
140082646
118973665
118660438
118515586
132424983
120236060
117614823
122569261
116114797
119241803
136212506
104369496X
116915889
136212050
116578491
1078962189
1042564892
138972311
119326728
118656449
102144264X
1030299234
116134380
117294667
11938776X
115598472
118911414
118599976
118744615
118754971
11880510X
1017627711
11874528X
117742481
104258810
116504749
11683045X
128585293
118593234
119388472
116922893
118755161
118607960
103088172
119233428
117267090
116260564
118761919
11861164X
118603817
117233927
116003995
118926802
123353602
118748181
11721888X
117688126
118597787
118591177
116436085
143696513
116428473
118809695
13980076X
135153530
118600486
117169781
119369168
118750178
138413568
132289105
11711684X
116414944
117257230
117218154
100802583
118599224
118594427
118608045
101365632
117147443
116857374
119288567
118598988
116319011
118898191
10422617X
116289929
119523884
115690387
10286425X
116431814
131910329
116023236
117526908
129485209
118747975
118742973
117326097
116305541
118550152
140318224
118598090
119059622
11890874X
116620153
116711728
124974120
118754319
1032138068
116675810
116671955
103214047X
116804831
116711663
11678041X
129014893
118908138
118804952
116675594
135483131
123641683
11892737X
115666494
117099821
117366021
116790962
131209205
117071579
118500694
129462764
1055273050
1055095969
118785419
118697943
104004584
143482297
116398728
134497724
120482673
10369997X
136168744
174057660
116690402
1071672428
122111508
1053063296
118704281
136543731
124651216
119242265
132466848
124122280
113709323
1034287079
102424853
1028026560
10016806X
116490853
124366953
118686577
1069218219
104286865
142193836
11884704X
118907832
119149419
118683861
118626574
118598031
11852156X
118802399
133144003
11851993X
130040959
10242487X
118681370
118535986
118797042
118621335
100832083
118500856
132609347
118549553
118963147
118810669
118780654
118607987
11861794X
118735365
117135550
136044700
118646915
118606115
172925185
116897368
1029842930
118527924
11667072X
116609168
138130604
131403958
117327441
116572922
1073952894
116627069
1025837444
103941304
11732633X
107857677
12239657X
117502073
118750909
183611721
138103526
117598410
11860757X
116675799
116625155
135898560
1066707707
118602985
1035134780
11710292X
118603426
138141118
116708832
1036988473
119304805
117194891
100329632
1048343286
118749595
117093165
117275581
116628243
1016453817
116707801
117222828
118607626
117226157
116665920
119466910
139567038
117093467
117273783
118608096
1071099329
117323500
1012300641
102989633X
117102067
138141177
118607057
1037324803
116638109
116637773
136337201
118794558
133650693
103646783X
115630988
118607782
129478873
116979682
118616382
118619004
118618458
11721616X
1049228197
1019704578
117240869
118752618
102450266X
117245666
118917331
118500651
118890883
1041733658
117493236
118534262
126963665
134691962
117456829
118835718
117360961
120583410
117132926
116780711
1071962523
119267632
1074004027
117192112
116923571
11861116X
117247146
116581530
118542648
118611666
116848901
118552589
13182807X
117294527
118933876
117311634
11853811X
118540963
117452963
119351641
117346748
119512726
117395684
118690485
117388483
117262463
116847220
118594117
119057077
117399477
117416460
116808446
117231657
118625063
11723589X
117286613
118614576
116757086
117346373
117369551
115359885
116843217
118697773
118808346
118773852
116498498
118545825
14353310X
1055466002
128739436
117357103
117360503
117257354
118621874
117658316
11854490X
116511869
118550292
118557769
118547445
118626876
118903861
122719158
116658339
117363855
118546600
117247618
118618156
117471984
116511850
139011064
117333905
118548018
117429589
135925118
11703908X
118634771
118700103
11653978X
118961446
116592109
116552336
116607157
119220814
135255260
130635642
122840216
103124861
118715941
11705822X
141239824
136586953
123281954
1051903955
116447087
115599770
117187941
116389346
116379987
130636568
118567934
116210680
116599030
116230797
116360046
129988863
1012288811
116781025
118681818
102456049X
117087718
120760223
133095959
116323477
142573175
117026387
119186322
137683723
118911910
116650796
116667168
118546651
116491825
132457482
1020610255
136284523
1073406628
118773607
119355329
118547356
118548565
11741591X
118835572
118545906
11651194X
135926408
116540044
118547453
137081286
138990166
11666696X
121501302
116405465
1026762219
11669033X
122630025
137915853
116368861
118709143
104367148
118973649
133624269
116563451
118709712
101226307X
119401126
173511937
116368926
10416588X
122785851
129473316
116659157
116349158
104069619
118546643
118639528
116369620
129475394
130609528
118544489
116563486
11928930X
116393661
127698000
117042749
104275618
116636041
1036892174
118621513
116850434
118095390
100190014
119133911
118569317
116752734
129529834
116245875
141202092
118569600
132800772
116897031
101459734
118827065
131710699
116452633
117167886
129476366
131609149
118727834
116989815
116720697
130627011
129474274
118573934
118728733
11671980X
104224002
130433896
119000474
100733417
129477575
116985828
129460265
118986740
1055109382
118571842
116756918
136233600
121059057
136994490
116891025
116876328
116611316
116996854
129476382
119256908
118655191
135551056
116089814
118511947
119140802
117187402
117039225
102424799
118658875
123282721
119307499
118505904
115444378
116409207
1015180728
116106409
116237066
118648071
130857351
121154556
119010097
116995408
122966015
121613801
117058955
119071606
128642866
122720466
118592912
118593005
11954265X
118937367
117026719
1026177170
1033732036
12115873X
116330422
116108002
11620320X
100001718
118822756
1065277865
139167862
116166762
118592955
138493693
11917099X
116261277
118792555
119314061
119077701
118742361
102202664
10134435X
11601847X
119515164
104130792
105758183
118792458
116984384
104135034
116003472
121572005
116393610
117059250
119322404
117398845
11775031X
104151978
101054246
118707280
129461288
116744545
116738529
118774778
1028434065
118552465
1026300568
116952431
137603126
116969040
119538121
140826726
1051149649
116760931
129474231
100844901
116700785
116797126
117739294
136536298
118554751
115430229
11694305X
134960483
1048536742
119265737
116700289
100608361
116716460
118980025
137600046
11940124X
119267659
119154951
132283662
119559455
118706640
129431060
116991739
116790903
1012712176
100563880
118551124
116008636
116715081
101919158
100173217
104177624
1076012329
116688912
104140674
116730412
11941077X
117332062
118732374
132356716
14085584X
116154918
133663566
118574884
11878210X
117218227
119131307
118731386
118579428
118578995
122144651
118729446
100159680
119396580
118586416
103922296
136690696
119174561
118939874
11683420X
138344361
100820557
117300772
122872436
119065290
115872345
124751946
122834771
140852611
106470509X
118921088
116891033
119259737
118729225
104225297
116975261
116727535
120220644
120004879
11678167X
119446715
118910094
132639092
139363378
104304219
118529919
141423935
101779202X
116730137
11933075X
100807348
135577829
133765466
142573264
116762012
116764570
116703962
141714549
116576677
116861150
118542001
118541706
118541013
118542265
118542257
11676211X
118696734
116657863
118541692
103987371
123952964
118541552
116792256
1014395771
118975773
118702688
118718517
11861990X
118993887
116909196
116894660
116901128
134220439
116538716
118547216
116709642
116684283
116192399
103787038
116539070
118800280
11650448X
115821872
122206975
118580736
116124547
103885498
116549394
116489197
1056064056
108359573
117504289
121215059
104327758
11743552X
117291447
120270692
117452319
104311568
117451053
123163234
119049546
103098291
117311189
12256992X
117478008
118770322
119127709
11741462X
117482145
118649485
123075599
116957212
116152265
118572148
136503276
116080256
118504347
1020508957
136536395
118504118
118645110
11864758X
116311118
115663916
100844979
135112370
1035179288
117441651
117151882
116131810
118630229
118501852
119223295
118858335
113666691
100419224
115752870
131670794
117764086
119267640
118506358
10110555X
104307196
119285533
118610953
115664823
102499322
102199175
120440067
117572098
118589598
137858809
116885785
129478636
102285977
133672727
11723155X
1012305996
135165784
117502359
117281816
1015661297
118551256
103928898
122296885
140648968
104667982
123581346
138483167
101375611
106830996
116284412
136141293
118772597
1038745918
118715518
118924133
137633343
1071672665
1034852787
122618246
118570269
121186512
17403654X
118609815
116443677
12785553X
118778994
133967778
1055187413
100057306
1073428931
116970731
1074664167
1031568433
12400489X
117404470
116894644
118584375
134774639
123256445
116599936
123802938
103343164
1012159396
116631791
124876358
101668066
118626523
119317826
104160071
1026820251
118563076
130249424
133729702
116849959
118642545
133045382
132390299
1053300085
103139544X
11690075X
130170100
1078039402
117167444
118614339
133384683
110684311
116858591
121485838
11890616X
117395412
136547893
133823253
116979704
118612271
134758188
118769596
119440679
140781595
117265632
116327545
1034924400
116544570
115872442
104196238
118571737
100232469
117301817
11750727X
117316024
13065163X
11697673X
118535889
116757825
1036992039
11629292X
138050694
118988107
122170806
139403922
130626074
117022721
122440188
123980976
11900044X
116272058
172443083
130253855
103405063X
116231327
116385839
118682482
129464430
118590995
116256974
131427806
118805878
11712110X
122403800
118586408
118519352
115376054
138717184
103946489
1073442535
136187250
10426831X
132174472
1034934422
1055699848
13907158X
11614517X
118501860
119262878
103778802
118722239
118721941
118560999
118560107
118545124
123094178
118560115
118558390
116024232
118951319
116032529
118559575
117027162
118832433
129587087
116402091
119001314
120971194
130450731
134412222
109474678
116760206
116033282
131605186
118791036
1041727135
11117564X
131462636
117380334
131855174
1019750065
116398787
136114776
11851251X
124096824
122016416
136000703
116257946
112794300
1026018137
115814183
120023482
121245845
103902147
117276642
118509322
118841009
119456613
119035111
123877628
116545941
117039977
11864064X
118979973
120913534
118818686
1019108525
121720721
116060514
118590111
116128143
119317133
131640127
104163062
135429714
104366508
1012968618
11615120X
1012268489
1051524199
118528386
118590421
116233230
118519255
11860354X
117243310
124864260
129351105
116039191
128943769
136334032
14003563X
1048541835
116730072
115363688
118749250
130474819
133045706
134822412
116965738
133667693
117369047
118561294
117395404
121115828
118598155
116544503
132202603
116812575
116419210
116244321
1018255648
121306127
116036869
115355405
118638831
100155324
130841072
103908366
130187275
116643765
119060752
103922601
116016809
116414006
134864220
118538969
118735098
116955139
132515024
11705870X
116290897
118754599
142293849
136214924
151670463
117158755
11856014X
116887923
116221445
1054551693
104133368
118624105
117445614
138510431
1071845306
122638212
117604461
132546280
137991517
136123171
118836927
120824000
136026257
119165198
119217139
124164285
116988177
118732447
116689498
118535749
118689878
117753416
118770489
100278043
116643013
117701130
116643021
118917218
112856780
116825227
118703218
11739310X
1067143173
11869362X
118910086
100168450
118828703
104262974
118693948
118703242
120659514
1067140069
104236736
115523057
116613483
118722700
118692429
132024616
118814044
136679366
116419091
118535994
116882883
116659718
116843586
13600363X
1034720554
100672302
122614461
1036945286
13213571X
118847635
138778981
116873612
118837052
116642955
129476544
136375758
116808454
118692321
118869442
118534556
1015138306
11651387X
119388057
11654127X
116325925
116389052
11907074X
118511343
116815256
116395273
116182776
116749253
10247575X
118618784
118523368
116850310
118520040
117749176
118767089
102199191
116112425
10223244X
118535315
118529390
11852786X
117360198
118664638
101057903
118520539
11773618X
129898112
119455668
118650130
118702955
117742589
118810898
116097701
118507400
116056908
118504185
116614382
116749296
116056894
116055448
116103205
116541350
117505900
117768375
11639529X
118522213
118913840
118565273
119020742
118532693
118530488
119059231
118511645
117145173
116584645
118841963
139800786
116217820
138356009
136672760
1042476896
1052851037
117007811
1059632799
133113892
137238045
117426954
118554514
141501057
113667213
117201758
1067410368
118983849
103943188
116126574
119189747
118559559
135707439
118560166
116126566
129486140
136193773
14277460X
104182172
116044640
11705867X
1012275701
102479844
138716102
118721313
116193212
136991092
118723049
121437604
128678097
129402419
129475084
11712687X
116883022
118628097
116073829
137716400
120815893
116180226
1075765161
118712322
11871290X
13771775X
117058750
124982409
117084816
116927755
132180189
119072858
118550675
116044578
1055140581
116030534
116038829
117085316
132180065
136186491
119356392
118555324
118560697
118557432
104295511
135728754
11900688X
118522175
117132756
101071655
11608118X
116543450
13273298X
14379017X
116042745
102484082
118634224
11867174X
118956124
135021685
137764685
116081201
11672594X
116088583
119175606
1036370518
116143827
136923534
116080701
135735874
143377914
1043825568
116085878
116145927
116696761
118676423
135455502
119298406
103881417
118530925
116689234
116088915
116111097
118521101
118720961
1013310136
116530758
11627509X
116113669
118679856
1025717619
11850178X
100111718
116057408
116935227
116609028
130189960
118525042
118632906
11852240X
144047268
117393312
135436583
1042470030
131973177
117357030
11879941X
131973053
120203359
124757898
100802656
117374660
119214229
13197629X
120021285
118908618
117409030
12989432X
117691852
11731742X
119010003
118904418
118681451
117350176
117373435
117313165
129487457
11945601X
131972979
118837877
1037553608
130067229
1046147994
11731711X
113717091
11875808X
1037136780
117359211
117381705
117353280
118624539
117382574
11740697X
123714222
11729392X
101105592
136365833
117197459
117265608
117363391
138806136
11740442X
117253006
117264776
117197343
117312118
117417718
11882581X
122493699
117475165
118773267
119003791
119009838
133928977
134785096
104296682
119189275
134855884
1014827442
119499231
100681751
124253393
123961602
116553456
100636438
139744355
118012215
118581007
118674013
1064801056
11719929X
116113995
119435993
189560061
118563319
118584871
118616617
104189592
119404532
118512749
115824340
117357065
119255960
116984880
11606496X
119524759
1025885678
116617209
11864808X
117735345
118557211
118594974
116183489
118669346
100863388
119060922
142081663
118553771
10399825X
135567416
118553356
11748346X
116897899
118780743
137600690
120734303
116784466
1034904337
1073257266
116155361
118704133
134405897
118519719
130254134
118777831
139593810
138368740
118560093
100766927
176980792
11856448X
116596597
118556312
117363367
135278155
117039926
13361915X
116864656
116998237
116480262
116704233
133885887
118968696
135904579
117083682
1020723955
115344985
136266231
118779524
119123878
116797487
119148668
118595245
102217955
116834633
1017178410
100470637
13335914X
120254476
118740008
13787443X
123931002
118543768
119079445
1037031652
118634712
124812058
129486523
127291148
118798146
12835240X
1019587172
116726466
137375484
11879471X
118793381
11630880X
11689041X
118780042
116317094
116689226
104150793
116231661
117336289
116884908
104360119
121408000
116881100
118698753
132425831
116753773
118697277
118621769
116032723
102909439X
13621309X
1037000714
118760467
118549316
101973700X
130841099
118516051
1031546774
119167972
117483478
14142060X
117307831
102552185
124300251
118725815
117327077
100805949
1023664070
117377538
131886738
133698416
134737822
132033259
130325562
12945351X
118940139
101721986
116736151
119531569
116267771
11857938X
138159963
118585274
137198663
118540505
11741283X
101482612
118522590
100149715
117089443
143884905
130183652
100374794
120769158
117450995
117056383
119396289
102606841X
100790305
138074488
1052857027
119009048
116258934
136534112
116108886
137401736
116408936
118992333
117437190
121137473
104228822
118904299
137574886
134756908
118745441
118601261
116574895
129291765
116397500
1032151226
118548174
117163902
118852027
100540619
120687615
118558161
11852836X
117229563
14234110X
122607120
118730770
13095778X
1036892247
1053427077
116333278
116235160
116581646
136325203
135098157
119348314
1012457451
131747568
118795724
1025730895
117626953
118524186
116640243
118670247
118523341
116717424
1028271549
118677667
136044573
116054670
11901176X
116629029
118676687
1058376888
132148870
100178405
1032896930
117158542
117311154
117369470
1068389397
132392984
117086975
118571656
139097422
118627546
119429829
118770616
118643231
122361261
130841080
136283470
128988444
118855034
118768964
117096261
117369543
117155713
129648329
118522582
138024553
119515903
118627910
117464406
118625543
117157678
118629662
1019151951
118806157
117102857
132318210
117636738
134081978
104023899
11725360X
117314668
127995625
117242969
130840815
130841013
117447579
103755132X
130175161
100470106
133461440
118627929
117240788
118627813
118665340
135933420
118650874
118517775
104375949
115829253
11850004X
116286857
124411568
103104674
118514253
116279451
1023723174
102893969
118809873
116202149
135654823
121457591
172386586
130567043
11867384X
117666424
13871200X
118517090
172450721