
#FORMAT: BEACON
#PREFIX: http://d-nb.info/gnd/
#TARGET: http://correspsearch.bbaw.de/search.xql?correspondent=http://d-nb.info/gnd/{ID}&l=de
#FEED: http://correspsearch.bbaw.de/api/v1/gnd-beacon.xql
#CONTACT: dumont@bbaw.de
#INSTITUTION: Berlin-Brandenburgische Akademie der Wissenschaften
#NAME: correspSearch - Verzeichnisse von Briefeditionen durchsuchen
#DESCRIPTION: Alle Korrespondenten, von denen Briefe und Gegenbriefe in correspSearch gefunden wurden 
#TIMESTAMP: 2017-05-19T12:08:45.249+02:00 

128693517
118714082
118928171
118670646
118555049
116778474
118640437
102439702
137602332
118594605
116255498
120719800
1074002121
118576879
129160741
1055299386
118580485
118719483
118807757
100377645
118723510
118530666
118716921
129424765
118560093
118772783
118532502
135708028
123502721
116067128
118798782
138252750
100233619
13612836X
118853082
116296909
121586723
130383538
119167360
135583772
129600180
118521330
119674904
103490101X
130017094
104078014
119006626
115821872
118518569
118647733
141993820
118647911
118113437
1011456230
139766243
118534947
1055520376
118710109
118797158
119756102
118557556
128549084
118686151
186604122
1089743289
118592068
12956320X
136576656
118712373
100026656
118996193
118542451
122736230
11873699X
118718444
119226618
139291679
140234977
1018888322
1026830214
137665865
128676418
128848065
123304768
119063905
119490528
128556641
118584138
118516507
11859382X
118501062
118574426
119764873
118757598
100687741
100031900
119059835
129093947
118716891
1012268977
12182795X
119108445
119609770
1043591184
119458446
1012848353
133203522
125009496
100769292
117307173
135704561
1012266354
102554099
118955314
1062675797
123599911
118760130
118576194
118656678
11859544X
100993303
118805967
1012729575
142169161
11769875X
11878577X
117533254
12459364X
119612658
123821649
118518836
11700846X
118598910
1074844661
104318422
121005976
13162542X
133494500
122871766
119098652
118870653
119624214
119523493
106021444X
119873206
134198158
101059434
118798472
119777029
119056526
118792415
118775006
11854988X
118676679
11542931X
1024762009
108952367X
12959203X
1090268971
119777819
132444992
104163763
11857938X
100709230
100858457
118574868
102239452
XXX
12105876X
102109028
11564170X
11690710X
118598481
130469521
123714397
124204473
119130947
104173149
XXXXXXXXX
133089118
104250380
124281729
1038750008
119118416
102104387
118680161
121840360
143814613
17417814X
133089126
118767038
118807331
118505076
173180027
102017433
118803530
1042620008
1033766402
120079291
118913859
118590111
119163861
118718045
117369993
1041288603
1018152237
11850553X
139081127
1023821176
130132365
121611175
12973960X
124411576
120532611
104254335
118505084
118685112
141420162
135970180
118505092
118505505
118697277
118628844
1055192417
116216026
122107020
115612297
120257726
133601145
1025107500
136779751
123593336
13390637X
121201082
104223596
1049922433
117621757
133817571
1019381957
1018996605
118505491
131921916
121599027
128366222
100264158
138263469
128686138
118651471
131975862
117646709
118505548
14025577X
129303151
118632949
118717758
118625756
141299215
118672142
119059614
11862119X
118708228
118505521
118731386
118538322
1024307387
1042767106
11954931X
118572121
117348120
11614775X
132282542
139902988
100002188
100843530
11859267X
116610832
119353210
118560328
124180027
119086395
115811974
11906362X
1089596421
118654195
118809873
118521098
116863919
100624944
118535749
116357088
116276738
118563386
118690949
118587668
1037564464
123916275
118584596
1066280029
118777238
118584588
119285428
11858460X
119303590
124985548
118924001
118806289
1102918962
131854003
131656600
136060501
103860312
1052732364
1101595752
1101606444
118685414
120955695
4051422-5
117274119
118581015
118632477
118659871
118556312
120710757
1066327718
118517104
118809962
11730767X
118627910
118525263
118569767
1022601385
11623346X
118599100
121020509
117626953
118632108
103145931
118777505
1089715242
118548565
130096563
118570293
100020666
11869362X
100178405
118720961
100227627
100309038
117604550
118613642
1098448243
118636979
116012366
118617222
118619756
118784013
118539841
116090235
16118087-5
118665340
116028254
124494692
118775782
118571656
118540246
118553356
1037498933
130474819
117458600
118786792
118549553
1012180387
101864876
1103468219
122594967
1101609753
118510169
118550500
118697765
118762648
137838638
118584871
118649485
117158542
130840653
122638212
1077256884
0
103164086X
118678647
11610225X
118661078
115833706
116916273
119010860
117430560
138778981
118762494
134255348
116965738
118852728
116096438
11873721X
118849794
1037502299
119105063
1102920606
117575410
118648659
130615595
118695916
122210999
118537636
118503839
11894553X
118558404
1102921181
1055413669
116780711
136586953
129460796
106547766X
118809334
118805193
118534416
118883712
118655620
118537342
116468157
118540238
118572628
116042958
116208503
116558296
118585045
142139289
11855073X
119291827
118703234
100303501
117279927
2030321-X
115368302
138834180
116750715
118534432
118593005
124288197
118699385
117492175
119060922
100750141
118556452
117212822
104200693
115585974
130187801
118755552
1100730281
143910949
116409525
127750630
118692674
104342358
118599410
118633244
117184683
11876196X
104241462
118824775
118547356
116723866
1081549130
134265858
118542648
118610813
13783831X
117764523
1070533815
1078280185
117157678
118835718
1022247212
116396229
124505937
118558862
100365094
100395236
101106572
118695681
118601644
116315865
1103151401
118554700
120691124
116762586
104103663
130538795
118805371
116274832
118607626
118786938
118554514
118560166
117495301
122361261
118629662
117009229
130840815
119462206
137081286
117753416
117195464
118628097
120696428
117452335
116599995
119018527
116139935
129733199
11856014X
104327952
100143695
142236780
115363688
11662499X
117387436
11858622X
116647868
116258780
118589466
118885235
118559796
116600217
119025701
118731890
101476493
116025360
116510056
100355358
116005904
100563880
118926217
100308805
116689951
119515903
131974017
118555324
1017093172
1055208909
118718355
117519901
118648594
130651354
118607413
118625543
11629633X
130840246
117147443
131937898
118535986
132033259
116893575
1019175079
129656747
10218206X
131687727
13382070X
1018466282
116561343
118683861
116719095
11750369X
116732725
116700785
129431060
104260106
117267821
117295752
136266231
130567043
118828932
128637811
131710699
136208312
118980025
11731742X
134960483
116319577
117174521
13816729X
118743627
116876212
12345591X
116187689
1037543653
135554098
132175673
117124702
116456590
137690991
1036841154
116257881
11623685X
116372419
118611275
1037124278
118725947
152641173
137629486
13718638X
11729327X
11910704X
116321202
100844901
136141293
118585509
118656449
1037125223
118677578
118835572
116598271
117544531
118554727
117548081
120388642
116578920
118554719
128729163
118729659
118671049
104224029
116843586
117371548
129475084
118691449
1053463510
100272053
118878913
118606115
100172164
122834771
118518658
11892737X
119259745
128689633
100041213
117135550
116415878
116121009
11852156X
118508121
118806157
115594361
116987367
117481718
116273364
117464406
116589256
136061214
117384313
117686387
1045712914
118565796
117409030
116760931
117083682
118627929
115541322
132424983
117398810
116331674
142617962
120092859
118554077
117009741
102202664
118510347
116797126
117230294
127698000
135577829
117592080
116752505
116314850
116215445
118607960
118627546
116246871
118508008
117661147
104325011
133916812
104332042
117413135
118890220
121365131
11945601X
121083683
11935263X
1070186821
116564741
119263297
115526641
132670569
12159176X
119434784
116824948
116316829
116332662
116483512
117120367
100791549
117116092
130383090
118520040
116057203
118845047
116300914
12393091X
117607347
116355085
139479139
118760866
118711962
118730029
100203604
132808811
116611839
129623083
116727535
119229684
136249930
13871200X
118874470
118772589
115842187
100322689
102499020
118574248
117470198
1038701503
1015520782
117500747
133287181
117043451
119239191
135925592
137633343
117080128
119060949
131747568
118626167
118534556
100695388
117044237
119127601
116114673
104345519
117086975
118703218
132356716
118608045
116199245
118677330
1077888104
117040940
104045213
120659530
119344769
118617109
118795724
118767372
105559289X
116519770
102139274X
118993895
14319867X
118808850
1069604836
120264986
116170972
118550152
116414006
118504185
137173431
116448539
118831194
173890245
118749250
117197785
116160071
116192607
118578464
117531332
118607987
118956124
13594029X
1060404419
118617273
118607057
10070333X
118847635
117416053
116952431
117302287
118816578
143591169
118786199
102484082
118535994
118542265
117612529
116171022
11606899X
117191787
118504177
1052804594
116061146
118786113
116452633
136910289
118778862
117026379
116993871
119059622
118606557
104335262
117367915
118820141
104378727
118542257
118619926
118557211
115388443
117243310
11709501X
116988703
11862783X
118508288
118707175
116658924
118630229
116538473
11941077X
118790471
118814044
118748785
10172876X
117369047
116138149
117085316
104091509
118643231
118631977
104318759
116256931
116882883
118729446
137600046
118645110
117510181
116876328
117022667
1028426135
11725360X
116423218
117144398
117326798
100023185
116073829
100400159
116811951
119360659
117434973
117187402
118581945
117302732
120482673
116299290
115774467
116991739
116625155
116799935
117022624
117439312
116808454
117265721
116148527
117148261
118621874
116742623
119010003
116108002
12337166X
135905443
120163683
11852240X
136291732
118910086
117384259
136959660
120367246
116369620
118515055
100802656
116272058
1031546774
117472107
118686577
118661604
129474274
1067140069
119000121
117462608
118754971
116193212
140011293
118616366
116107650
117327077
117330132
116150254
104367148
117089567
131403958
117123560
119474735
117246603
116613483
100190014
116270810
131757784
117458813
116261277
136026257
117047155
116707801
117357030
121534154
139578161
115674667
116936371
116113669
118626175
117456918
116776919
1073671542
116209429
116881011
118608096
117218227
118636421
116543671
116756918
118616374
116222964
100763871
118660276
139587853
116316608
118545906
117323500
116908327
12989432X
104304219
116194863
118607782
130626074
116700289
118767755
116379766
116996854
135718805
116330422
116609028
119259737
119356392
117447579
127995625
116425415
118610007
119165198
118552465
118605909
118633716
117041556
141628758
116525010
118973649
116001062
118567543
142807486
118667424
118785230
116554975
116042680
1038489601
116582049
136062814
130189960
138225095
116163127
118690728
103118187
117379298
135112370
1052846653
116207523
141038284
130019488
14142060X
116322349
117373435
116180226
100295622
116332603
132771632
116592079
117135968
129473316
129489867
104140674
1036892174
139097422
117108189
104234520
118563211
136536298
14085584X
130609528
136193773
11940818X
123431891
100672302
117602418
1013451864
117399620
117572098
119071606
118737775
100700411
119133911
118687018
116080272
118749595
116790903
121346498
138050694
136128521
118630741
117444154
1035179288
116205814
133663264
118749218
117381713
116008636
117226157
11931715X
1044301910
116038829
1034559753
142345776
118792431
100289614
116637773
117253006
116368926
116044640
13907158X
142417416
118837877
116953829
118707280
11627865X
118657887
119176653
11705867X
104264454
118529250
118587684
138233438
13702035X
116543205
117598410
117443018
100805949
116237295
11683045X
116744545
117299545
100439675
116797487
116642955
118573934
116540044
117140023
118836927
119092085
117102067
101042159
118563300
116426292
116187913
11666696X
116898666
116731923
118694146
116592036
118860283
119368579
116119985
118709143
128564776
118891464
117648213
116436077
116124547
118115073
118525042
117030953
118569317
100189571
139321292
118744453
134064658
116881119
136803504
116050438
135728754
11669033X
11954265X
116747714
116563451
116253657
117102857
116923571
1012176398
101138601
117313165
117021938
118542192
118617451
117456829
118512749
117235288
118761889
11608118X
11858524X
1068784539
11732633X
1034434942
119216132
118580779
116291494
116576170
117333255
117201758
133461440
119209349
103755132X
118610961
1019704578
117058955
116652047
104130792
118546643
104122021
102909439X
131575872
118735098
117269565
104262974
118554751
11688830X
100794548
11871600X
11650448X
138493693
116393661
183611721
1026177170
124621546
117464392
13600363X
118797999
100625320
119065290
135155827
134081978
118938533
119396289
122630025
118693948
116540079
118804928
118706640
116126566
115711449
117382574
116611316
116828773
101071655
12115873X
122058445
100807348
104224002
118680552
116088915
116688912
116850434
11928930X
141202092
104075813
119060590
117310719
116080701
11850505X
120755106
11878210X
118792458
11746483X
135021685
118973614
117428612
128572906
117300772
117271454
118917218
11864064X
117264776
1053427077
116145927
118785028
117363391
1019587172
115445382
117445614
116480807
116195398
133729702
116395001
116221445
116009802
136044700
115694056
130841072
118951076
1055183213
121059057
118717030
1012175294
116962437
117076317
118519352
118505831
118660764
118966243
1030374503
116221097
116911344
116471727
119056569
119503700
118830295
140778705
11737606X
118963813
117415065
115552901
118612158
1026794137
117326097
118668005
101397593
116374594
118722239
124122280
117738131
116792256
102166587
11656508X
119315130
117008338
11705870X
116490691
117349518
100636322
116995696
118611666
1049493230
118660985
118664174
117058750
110562399
135935377
102613117
100704018
117395684
116581530
11712110X
100177085
1051423899
133399524
11600925X
103349271X
116444436
128964774
117269956
118510339
118982052
116094214
119429829
1051854288
118603817
11907947X
117271977
116155361
116766301
1068389397
120074672
117432504
118658875
1048415791
1014359422
130551716
117223298
104182822
104274212
117115460
116419210
118580736
11652426X
104311665
116257946
1051890535
118594117
1051423813
1051818036
1068921056
119034557
116231661
1051855632
1052298370
116481706
116123834
1051817986
1048375978
1061010252
1052395600
118676687
1043236961
117148784
116584475
1051886538
131910337
117410616
1051385962
1051884667
1020227702
1045784176
11874092X
137914482
139650598
116942924
1051825784
104865608X
125075561
117237485
100372724
117501816
136009662
1051630320
117243388
140005439
116194022
118886649
10313378X
116700475
118780026
117516465
102424799
118572393
118704281
1061010465
129585688
1051654513
116569182
116714190
116969024
1048415767
118057383
101689466X
1053160054
116181052
1051615623
100766803
128407581
117202827
1051617227
105415760X
118561529
11875257X
1051853095
1061010325
1051855659
102488401
100232469
1051855594
1050161858
117230510
137424094
1051055466
1051591376
1048376966
116231696
118794957
116324945
11856109X
11620527X
117441759
1050009886
116899239
121067629
1052412564
1051065402
121585441
118527959
1020941510
1052395694
117382361
118611593
117012769
117559180
1051891515
119212722
118524879
116879696
10408748X
116607157
135717787
1049807685
1025726502
1044915684
116013435
119254158
116426799
137717725
137582595
1020090243
1047329999
116585986
116732350
1051011701
117380105
1012440257
122387791
1051011787
123970016
116344202
118822357
119203588
1045175498
119421054
123259452
116637331
1052052002
117748773
118572741
100280463
1051035589
1061006212
116900903
116364521
118580949
172305403
1051893674
118821008
118550942
1049703308
103105816
116032529
105189252X
118583425
116928603
137946309
116260564
116772913
136782574
1051423805
13913011X
119074486
117333905
119141396
1051651395
1020741961
118721593
1047834952
117045098
116048387
116350946
135551056
140699627
117111473
123907411
1051068169
136208746
14040242X
1051617154
118542001
118501860
11656928X
11623637X
118619772
118507206
118575538
118592858
117205346
119072475
139681485
116766360
116390417
117692433
1061006131
116609036
1050009835
117170755
133378934
118769146
116371773
141505133
116909161
1051617200
117336289
117165069
1020309032
1046341677
1048359611
1052919162
118623753
1049470532
116026847
129565636
118729470
1050118081
105315867X
119280183
137644434
118552589
116711728
118592688
118690051
101217591X
104143754
1052024262
129504254
1052412874
118796704
1051617162
102643369
1053882122
129610046
1049218655
141239824
1034904337
1050112954
1029833478
141497777
116590904
1011749874
1060278340
119376377
1051427258
116193220
116735996
105011910X
116182164
117703060
11680579X
117323772
1059754959
116256974
116051760
116569158
11723589X
117658316
116657979
11630880X
116092386
118534262
135098157
1014936802
116544570
117307831
139196684
1029625700
118556657
132987635
117354023
122461789
116736151
116574712
1049696980
105366690X
10299983X
10016806X
1046882600
11896786X
117274852
135549485
100267491
1052396860
116285036
138998795
117531693
118599933
117508594
104109327
118757709
1049697804
172818893
118886576
116687177
1052412815
1073934446
1054157693
139078584
117414913
13874825X
118575767
1052638848
1053341067
1028970102
133313638
11676371X
1052413234
116984511
1052445063
1051853141
116687991
138520909
117227358
116545941
116460253
102532907
101365632
132086557
123608759
116231327
1052175236
1027749720
11610497X
1030051097
11865103X
116603054
138527431
142627909
117504025
117399477
136311024
119080656
116751460
118750178
11643788X
116956739
117003689
1044570199
116832223
11609396X
117039926
118602136
100278043
105131996X
117068098
118891936
116824670
116036842
1029748209
102411034
1058876139
116592109
116513772
1073428931
117495255
1031568433
118745441
116552336
115754369
118601261
132046601
119160358
1073406628
117366021
116640243
116333278
130812617
1054168806
116881151
118617583
1073442535
116163712
117562939
140086390
11866753X
136110118
116023236
116730811
1054170479
117321516
118545124
1053580444
116930535
116864656
117231657
116119756
116012048
1012364356
1051817919
1012182894
1023781239
118553771
116540486
138373477
117735728
118973967
116752734
118704931
116538716
117312118
136175902
116379987
116071184
11694305X
117375268
1047377268
118766767
117339458
1052851037
14235645X
117318477
119167972
119354438
143605550
116503068
117620645
116385308
117098981
116333995
116480238
1052301614
117247146
1048375285
122326350
117404322
116857374
1026018137
116757825
104235012
11739310X
117634816
116256990
117570419
1054107572
14234110X
117766348
1061006166
116057734
103885498
116480289
116070803
117494100
136448402
1049703332
122121643
1020226684
1013268334
118903861
118538810
119189275
117395404
118595245
1048652491
1054162468
1017338744
118684809
116023414
118890883
117386413
126087482
118766325
122776356
117316024
116061189
1052175112
118871811
1050014944
116554487
1019541296
11893709X
1061006174
117229938
116385839
1051892546
117512419
116760206
140896341
116599936
1052395651
116305630
1051055490
116987650
117201731
1028271549
116003995
11669937X
136161804
116084324
116159421
1011358298
119233665
116876077
119388472
117393096
116804688
116207388
118573527
13775423X
117611255
103787038
11659294X
11629292X
11705822X
116876786
119523884
119149575
116542020
11750727X
105011292X
116955139
116225653
118010298
116711094
118701428
117666009
116901888
157253880
1058875027
115800484
1049718674
116297506
1015137369
1011886081
119092662
135735076
118783580
1050161831
116626062
128543612
117742147
11750324X
118545825
127935037
1053136897
117326720
1052025900
123157544
101980436X
117136409
117263427
121534472
119220563
1019609451
117369705
11874951X
116803169
116319542
116070951
118930982
118567616
102749728
131595350
117244791
119424940
117048836
116859989
104305487
118510916
120577852
1051040248
1013263049
116168080
127615458
13923473X
116986050
135905451
137575157
117743437
1026191157
119034522
117501662
11889112X
118627198
1050805860
117332895
1052037178
117267457
143696513
116260386
118611046
117335614
1012532283
118681907
100790305
117482064
135746604
1051635004
118727699
117188921
1051630479
11948756X
104224401
116210206
1049453964
113667434
118816098
1051821037
116985070
1012363759
1051071658
117398845
118776223
1053974620
106314390X
1050552326
1049722213
1019623209
116604948
1021104132
117052248
116210680
116877669
117393665
101460996
116085053
102199175
118975773
103908366
117070181
116403527
1050794230
1052175406
1052174558
1048421163
116768703
101650337
126363722
13600346X
102217955
130658405
118896202
1051524199
136932363
118553526
118660063
13644251X
116267771
104258810
116631791
117071099
1013524713
118605747
117470902
116371757
11868518X
118715399
117746371
11877137X
118632884
101488769
1074004027
1054656924
116338288
116314338
116182776
116601329
116887311
116511001
116289929
116899336
117117315
117048984
117528137
116408936
1051427304
116982322
117767352
130096741
134220439
117299243
119048663
116586443
116108886
117539821
116429682
116924950
116232951
1047380102
117437883
116678070
118771760
117021261
117602698
117689335
118733419
117614033
116567570
1047380056
116612096
117245666
118576291
117487457
102808120
117425230
12073205X
116305541
116894164
11861911X
118664638
119481464
119205173
117296058
116961589
116143533
1065348991
117483931
118788515
118685430
118628445
117615692
132767007
117290629
135746590
117673692
116002409
117027413
116790962
118806742
117395412
116633905
11906278X
1055161597
117390828
118589784
128972920
116032723
116353961
118676334
116238267
127800328
127871667
118512099
133245918
139568328
118822349
116266856
13950205X
139493824
116147792
116191414
101205767
118743139
11711569X
117013447
118727559
117110523
118586092
116303840
107609460
116395257
139494340
126521956
116469412
13948163X
116847433
116876867
116632917
117721387
117767662
116518103
116551631
116655607
139481664
139437754
139481699
117162418
127101403
133214591
122302281
117238929
116629061
117234710
117761176
116237481
116584084
139505318
128826045
116750154
139496823
102077975
116294272
139481729
117750794
11674233X
118567799
135674719
116214724
11901470X
116671874
11663748X
116627344
118651838
116747412
116122986
117215643
126214581
116011203
116276126
116155353
116211571
116577142
117291951
127864628
118700057
118972472
139481591
116913355
116923911
118550748
119156466
116009128
117048488
139523340
139437991
139437819
117142778
117763047
104234288
139497641
122785827
116941189
118522469
139494219
116219203
11850357X
116190183
118844423
116586109
139481737
118189379
125987897
119552450
118520555
118517082
117121657
139481761
13352163X
118541358
116005106
119540363
116200375
11650739X
139523057
116456949
116206500
139494510
116709138
118803204
116808608
116085991
13949443X
117143030
116103388
117767638
139505245
119540355
116035803
139494111
116199784
104842091
117766976
116211946
117761249
139438106
116020490
118508377
116901632
116298405
11665712X
119199343
13950379X
116062142
139481818
115847170
119178737
118579304
117159557
12111547X
116062150
117767387
11866266X
139505342
123628911
126281246
119083744
139498532
118746901
136300782
132190214
116235349
130187976
139502424
126267715
116617683
116035633
117767611
116132248
116109912
117766984
119265737
116435992
116007389
139438076
116144300
117178756
119267632
118122274
119111276
103946489
118566288
117282677
116163542
118546619
132839164
139494006
118512250
116214430
139493743
11818704X
11851038X
118659405
139499202
116764929
118526200
116509392
127440941
116753668
11682090X
116814616
116469951
116469889
119420147
118614304
117232831
132249553
1026274567
115532269
129926590
