#PREFIX: http://d-nb.info/gnd/
#TARGET: http://gutenberg-biographics.ub.uni-mainz.de/gnd/{ID}
#RELATION: http://www.w3.org/2000/01/rdf-schema#seeAlso
#DESCRIPTION: GND identifiers in the Catalogus Professorum of the University of Mainz
#CREATOR: Michael Haft <Michael.Haft@adwmainz.de>, Torsten Schrade <Torsten.Schrade@adwmainz.de>
#CONTACT: Christian George <C.George@ub.uni-mainz.de>
#FEED: http://gutenberg-biographics.ub.uni-mainz.de/gnd/personen/beacon/file.txt
#UPDATE: monthly
#INSTITUTION: Mainz University Library, Academy of Sciences and Literature Mainz (Digital Academy)
119127059
117242500
10111852X
122486455
1055498613
118501410
1034658417
118503928
104647663
118142690
1025705688
118671340
12894594X
116877936
121902560
116959819
118767704
11860421X
118690760
126009244
10180203X
118689347
139899111
119152916
101912277
105980463
116181354
120272709
1020162279
117343927
116701498
118601199
106987244X
171977424
117615765
132186063
104701439
119361833
120540444
117745391
11718859X
134130391
117753505
116469528
105010332
118553232
1052955827
118624075
119294400
118716212
107928450
105980455
117375462
118706632
118741551
107131455
118663534
104861428
106455419
118752502
101457685
118561669
102609543
11601072X
116103817
105510955
1046646915
1017518483
105167835
104941359
1012378292
106463748
117102997
105666262
118515683
118757016
106613456
118634798
1024976661
118651811
118600168
1050532260
128860413
1012412237
133678008
156795787
173709052
118695738
125138067
116721065
115452206
125429290
170276058
117012394
120447258
11883780X
105886386
119009358
117139785
137307241
1050553721
122014308
132164868
104548959
13184010X
127712356
11886890X
133963128
129492159
106064568
118750240
137731205
118580132
124439454
118593382
17219573X
125310595
117278572
10509904X
106235931
120225743
118726293
120426099
118550659
118747231
124511848
118636766
104932260
138380988
117184357
117023388
118794884
10513371X
116073926
118904396
1064018009
105010960
117714380
1065279264
1050552814
105523925
13337212X
174078609
105130281
105053218X
104974411X
108477592
116874651
106455222
118577697
116613726
106692712
10481117X
118504002
11883617X
118694294
118505726
116040076
118506250
104671505
120564785
118652869
106417169
137948115
10427459X
104728957
118507656
1064721443
1014330076
136184421
1060534681
118860003
1014811279
115469788
118831631
139938753
1015388906
123080142
132097168
117719803
118759728
104924543
118662732
1015931251
123364280
122678834
118907107
117757365
128288353
131048791
118758667
119277425
129450634
120828014
118513079
106515365
124098010
1067680926
105213551
118739387
104924535
11851461X
1042788146
118825496
139711279
106574205
125288492
118559176
119154447
1019549009
115557741
117400769
118674560
118674722
118516272
119020378
133338045
105026042
105043087
119027178
132480239
118817086
115399518
107317486
137436319
118707159
128721103
118525808
140255591
1047595362
130327263
104512660
105237698
118746391
118682016
11653835X
137808631
119288966
118530836
118531190
11955450X
11639482X
131413341
118686356
120732580
105696749
119263432
119193620
118687050
136186807
122826434
124194044
174120834
101296967
137887965
119306212
120608510
105550256
11872715X
117205389
115461655
118616668
118731351
117372110
118779605
118938355
118766961
102257868
11873640X
11879552X
118814850
121072339
116588039
118545507
118835246
118737333
118712136
122799224
123637406
118777483
118789538
116801425
101117132
116853042
117080365
118729136
118591541
122271335
119482630
119142546
116448903
117755125
118771264
1055155627
118589660
119061066
120249685
119135884
119219050
117712701
140099409
118558811
139165754
106067575
118618946
118760173
138398992
136214223
170941566
137224222
119137860
1017537267
1065347391
11692649X
117710997
122396103
117750050
105397113
117402222
1027702473
117726257
120427443
105455202
105471232
118982826
139697861
104604778
1055271236
119022095
124864368
117713589
119044471
107866927
119003139
119398176
118598295
1047249642
1025166833
138935386
101461097
11897114X
116754680
102648859
117309699
170217418
1029182701
118760106
107691744
105382744
119458179
1080928138
118583603
11048293X
170121747
120478668
170180352
105035610
108133259X
118696718
104534273
1081335688
117757586
116684186
1070667056
116941111
121388212
102341206
133795039
104690712
118941305
121062236
120854368
118024809
11892429X
136279198
118712918
118714120
119254573
133535185
118567640
170118215
118588419
118588664
119020823
121510239
118814109
118563483
118580086
105586358
121070646
118892789
118626906
10378816720
105461903
1025565819
1012408930
116273615
1038388503
121390853
1012470202
106239643
133051684
140257985
1089261705
107323575
116838752
1051216206
11873301X
1050396294
118584723
105200034
104575115
119560518
107096595
119551896
153611960
105187739
137170718
172306132
13219497X
1051177499
1069526584
105099902
105254738
1109899157
118953923
118833928
105210668
1011284952
105038547
118599763
104573430
110735099
130199885
118601911
120038668
105032379
122949897
108439062
1048087840
118822403
133159396
11565450X
117720607
122670531
122188969
1022580841
117754498
117330426
118909908
118610414
120514648
118986805
129950378
120162237
105344125
11861150X
123673208
118898892
105940275
104725141
106667580
158221656
119046253
1078426651
117726613
1020195975
1095669133
118806084
13992860X
142950017
107011123
1033584118
108749223
119175517
172671167
118960008