#FORMAT: BEACON
#VERSION: 0.1
#TARGET: http://beacon.findbuch.de/gnd-resolver/pw_dbi/{ID}
#TIMESTAMP: 2017-03-07T18:43:56Z
#CONTACT: Thomas Berger < ThB [at] Gymel [dot] Com >
#FEED: http://beacon.findbuch.de/downloads/patchwork/pw_dbi-gndbeacon.txt
#EXAMPLES: 11923212X
#MESSAGE: Dizionario Biografico degli Italiani
#NAME: Dizionario Biografico degli Italiani (partiell)
#UPDATE: infrequently
#PREFIX: http://d-nb.info/gnd/
#DESCRIPTION: Aus der Wikipedia extrahierte Links
#X-REVISION: 12850 [2017-03-06T08:37:03Z]
#X-EXTENT: 3799 unique identifiers of type SeeAlso::Identifier
100000541
100001718
100001912|2
100002773
100004512
100005500
100005772
100006531|2
100008143|2
100008186|2
100009867
100010652
10001187X
10001271X
100013376|3
100023762
100024254
100024483|3
100027946
100030343|2
100044069|2
100049052
100049974|3
100051340
100052517|2
100055095
100062903
100070256|2
100072038|2
100073530|2
100076793|2
100076874
100079296|2
100082882|3
100083056|4
100085725
100087345
10008995X|2
100090869|2
100093094
100101976|2
100103200
100107613|2
100118720|2
100141781|2
10014263X
100175368
100194494
100199755|4
100209211|3
100214525
100237932
100249582
100254268|2
100257712
100283713
100285481
100289959
10031886X
100350275|3
100374123
100379397
100380301
100383300
100389813
100404243
100414907
100415946|3
100419224|2
100421326|2
100422020|2
100429521
100458661
100470254
100471609|4
100481620
100524907|2
100528554
100534651
10054097X
100552110
100637140
100653138
100735797|2
100761208
100767281
100785484
100788009|2
100818447|2
100836852|3
100857353|2
100861717
10093515X
100935540
100935702|3
100935974
100936032|4
100936040
100936237|2
100936296
100936326|2
100936709
100937047|2
100937608|3
100937667|2
100937675
100938205
100938213
100938310
100938353
100938493|3
100938663
100938671|2
100938760
100939112|2
10093921X|2
100939236|3
100939325
100939546
100939716
100940730
100941060|2
100941087|2
100941095
100941958
100942091|3
100942245
100942946
100942962
100943543
100944582|2
100945201
100945716
100946305
100946313
100946399
100946690
100947247
10094745X
100948138|2
100948154|3
100948375|3
100948391|3
100948936
100949460
100949576
100950094
100950108
100950159|3
10095023X|2
100950698
100951422|3
100951546
100951597
100951856
100951902
100952305
100952607|2
100953018
100953026
100953557|2
10095412X
100954170
100954227|3
100954359|3
100954758
100954782
100955223|4
10095569X
100956599|3
100956750
100957161
100957897|2
100958761|2
100958974
100960510
10096091X
100961436
100961452
100962041|3
100963838
100964893
100965059|2
100965156|2
100965415
100968457|2
100968899
100969771
100975720
100981925|2
100984711|2
10099556X
101071388|2
1011157233|2
1011359367|2
1011418096
1011420074|2
1011423383|2
1011545845|2
1011573555
1011709457
1011736314
1011885565|3
101190067X
101193731X
1011949660
1011949849|2
1011950391
1011950642|2
1011981157
1012244539
1012307352|2
1012464814
101260781X
1012655903
101269196
1012823113
1013095588|2
101312572X
1013140605|3
1013146891|2
1013232917
1013248848
1013360540
1013364422|2
1013364872
1013392035
1013393198
101339844
1013433920
1013435125
1013455282|2
1013552156
101364261|2
1013709454
101374054|2
1013774620
1013835719|2
1013861973|3
1013898621
1013937228
1013944771|2
10140302X
1014041163|2
1014325080
1014444721
1014489202|2
1014565383
1015138314
101516367X
1015164196
101541244
1015763928
1015858961
1016117957
1016231563
101630077|2
1016522444
1016621418
101668821|2
101669968
10167872X
1016853777
1016856415|2
1016858949|2
101685966X
1017102279
1017152497
1017178062
101740875
101749035X
1017620601
1017898987|2
1017987157
1018031030|2
1018031995
1018033351
101810139X|2
1018103929
101814353X
1018169571
1018181741|3
1018282270
101831277
1018415580
101845098X|2
1018828818
1018971416|2
1019012285
101901518
101914539|2
101919646
101919794
101927304
101927606
101932385X
101944225
1019726288
1019727705
1019737980
1019737999|2
1019745274|2
1019746289
101984219
1019855436
101997728|5
101997736
101997779|2
1020041668
102011125|2
1020293071
1020369884|3
1020724528
1020725184
102076200
1020765798|2
1020796324|3
1020819995|2
1020855363
1021104124|2
1021157783|3
1021206636
1021672505
102203216X|2
102209103|2
1022106929
1022153447|3
1022644076
1022656147
102277350X
1022808656|2
1022832824
1022854712
102296367|2
1023019787
1023113538
1023115026
1023183749
1023185016
1023186225|2
1023332558|4
1023334461
1023399946
10235412X|2
1023569558
1023668874
102374082
10237497X
102375054|2
102377138
102382423X
1023867508
1023892162
1023893894|2
1024101495
102411115
102418721|2
1024187802
1024187918|2
1024188191
1024190951
102420246|2
102420300|2
10242232X
102422362
102423865
102425434
102428352|2
1024321428
102432228
102432309
102433402
102435006|3
102458855
1024636291
102465665
1024721329
102472696
102475660
102482215X
10249956X
102500436
102501254|2
102501653|2
10250377X
102512078|2
102517266|3
102517460|2
102517924|2
102519552|3
102534373
1025356624
102548781|3
102551081
102551731
1025564502|2
102559589
1025841433|3
102597073
1026070740
102607312X|2
1026226570|3
1026851467
1026909139
1027073689
1027608604
1027687857
102793131
102833257
102834695
10283637X|2
1029523614
1029700869|2
1029974918|3
1030114390|2
1030292388
1030392234
1030485933
1030599793
103085408
1031155074|4
10312585X|2
1031298533
103130578
10315860X
1032035374|3
1032577134|2
1032644249
1032871105|3
1032911425
1032985550
1033190802
1033388777|3
1033463450|2
1033681644
1033818003
1033928593
1034060198|2
1034089617
1034113755|3
103411610X
103417567
1034323342
1034436813
1034443968|2
1034824430
1035397811|2
1035434709
1035467798|2
103552466X
1035791161
1036371840
1036528057
1036942996
1037004566
1037230264
1037274148
1037557832|2
1037557840|2
103756779X
1037568850|2
1037716132
103804242
103812180|3
103814744
1038507987
103866981
103869727
103890513
103892354|3
103915559
103993606
10401993X
104056967
104064064
104067020
104073837|2
10407440X
104093994
104100923|2
104104945
104106123|2
10410662X|3
104106735
104114991
1041228317
104123397|2
1041280947
104128941
104144149
1041692242
104192836|3
104198273
104201606|2
104207019
104207426|4
10420902X
104211466|2
10421242X
104212748
104213671
104213817
104216239
104222697|3
104224177
104237333|2
104240075
104246103
104268425
104272392
104276533
104277777
104290560
104315318|2
104315385
104315806
104317957
104324260
104326107
104327782|2
104328681
104334029|2
104335882
104335920
104343222|2
104349220
104350288
104353074
1043540202
104364246
1043694935
1043720979
1043790195
104382006X
1043833307
1044569948
1044879785|3
1046205668
1046441485
1046657615|2
1047455005|2
1048166309|2
1048233375
1048252949
1048735052
1049558588|2
1049700198|2
1049853644
1049917057|3
1049919815|2
1050392361
105040274X
1050469488
1050470834
1050553853
1050673220
1050695542
1051951844
1052173810
1052302912
1052497292
1052516750|2
1052526268
1052596371
1052654231|2
1052692834
1052843239
1052888291
1053050577
1053414110
1054320144
1054430845|2
1054653690
1054874271
1055090002
1055090037
1055090436
1055090533
1055098399
1055117016
105513574X
1055135944
1055148183|2
1055149007
1055158774
1055171681
1055177760
1055186530
1055186670|2
1055192123
1055198792
1055198881
1055199128
1055201521
1055215158|2
1055220380|2
105522100X
1055226397|2
1055235183
1055235248
1055235302
1055236503
1055236775|2
1055259058
1055259090
1055262121
1055262164
1055263632
1055265074|2
105526888X
1055287280
1055293612
1055295542
1055297111|2
1055298665
1055308059
1055330380
1055334742
1055347984
1055349189
1055358242
105536241X
1055363491
1055372156
1055395970
1055417613|2
1055433813
1055460195
1055486240|3
1055512446
1055532692
1055534431
1055535691|3
1055535705|2
1055556133
1055587314
1057139815
1057261580
1057887099|3
1058039741
105833042X|2
1058893378
1058994786
1059145235
1059555506|2
1059781921
1059829851
1060078112
1060451778
1061006166
1061393534
1062040074|3
1062111362
1062661133|2
1063048117
1063179467|2
1063319501|3
106479176X
1064889379
1065614497
1065685661
1065698224
1066284741
106717022
1067270752
1067438173
1067651888
1068190051
1068322799
1068561599
1068875585
1068898100
1069361437
1070589683
1071544640
1071588400
107222612X
1072300826
1073559769|2
1074215478
1074379950
1074420802|4
1074543513
1074951328
1076795242
1079622322
1080001735|3
1080535632
1081118245|2
1081823100
108197468
1084012901
1088770762
1089096046
1089112866|3
1089118414|2
108913293X
1089206771
1089270585
1089326351
1089404794
108949663X|3
1089593740|2
108960064X|2
108962347X|2
108968617X
1089738609|2
1089883692
1089904487
1089910665
1089912862
1089939418
108994022X
1090119038
109022527X|2
1090373236
1090678231|2
1090747888
1091587922|2
109388133X
1096479508
1101605480
1101607629
1102149942
1102899305|2
1106361202
110660609|2
1111043582
1112574557|2
111554667
115361871|2
115370587
115428364
115438769
115453814|2
115453830
115457658
115458085
115458166
11549510X
115495622|5
115501479
115527036
115532307
115539522|2
115558071
115602194
115620478|2
115620958|4
115630791
115791469|3
116003332
116003340
116003863|3
116005262
116006218
116007052
116014202
116015985|2
116016671|2
116021039
116041668
116047739
116052074
116064420|2
116068434|3
116075341
116077778
116078634
11607969X
116097701|2
116115912
116128771
116149647
116149663|4
116149671
116155981
116161256
116165499
11618020X
116182415
11618373X
116199679|2
11621192X
116216468|2
116237317|2
116237570|2
116238399
116257725
11626604X
116267119
116271884|3
116275235|3
11629647X
116297034|3
116297107|4
116301988|2
116309792
116310472|2
116315504
116316225
116327472|3
116341203|2
116353813
116371315
116389117|2
116396229
116400617
11640065X|2
116407689|2
116410620|3
116412917
116436956
116442743
116448040|3
116448067
116448210
116448342
116448415
116452498|2
116456779
11646402X
116464526
116465751
116466219
116466804
11646917X
116470372
116470550|4
116472189|2
116472766
116472774
116474564
116477318|2
116478055
116478209
116479620|2
11648005X
116480211
116480777
116481080
116502509
116504803
116505052|2
116506059
116517115
116517131
11651714X|2
116517158|2
116517174
116517301
116517417
116523972
116527870
116532041|3
116532068
116542063
116542675|2
116563818
116612584
116615451
116616512
116621133
116621656
116634669
116636602
116637005
116639679
116644990
116646268|3
116647302
116649283
116656018|2
116656069|2
116660821|2
116661372
116668032|2
116670940
11667279X
116678429|3
116685433|2
116686111
116689048
116690100
116693002|2
116693169
116693347
116713313
116720700|2
11672076X
116725745|2
11672594X
116725982|2
116726024|2
116731869
116760567
116762055
116772204
116772522
116775513
116775793|3
116776943
116781211
116785705
116787368
116811757
11681232X
116817461
116823577
116829990
116834277
116835818
116836121|3
116875941|2
116882565
116886749|2
116901403
116906979|2
116906995
116920505|2
116930209
116975873
117004766
117011290|2
117012831|2
117013110
117031518
117036064
117041165
11704122X
117041645|2
117048496
117049557
117064661
11713418X
117143774
117147427
117160555
11718912X
117191612
117211184
117211834
11721678X
117245569|2
117252638
117377856|2
117498068
117498300
117498564
117498726
117505536|2
117507784
117518387
11751862X
117518956|2
117519057
117520055|4
117528145
11752932X
117530247|2
117534609|4
117540609
117540749
117541230|2
117541249|3
117543659|2
117544442
117550256
117556890|2
117557013
117559792
11756317X
117567485
117567922|2
117574392|2
117579483
117582395
117584363
117586153|2
117587508|2
117589284|2
117590282
11759587X
117600814
117605131|2
117606227
117614947
117617296|2
117618756
117621498
117622044
117622281
11762683X
117631752
117632244
117637157
117638056
11763834X
117648019
117649325
117649899|2
117650676
117656429|3
117662054|2
117666203|2
117666947
117668257|2
117668893
117669113
117669555
117672130
117672521
117673072
11767530X
117676314
11768435X
117684481
117688185|2
117688797
117688886
117692190
117692441|2
11769679X
117698725|3
117700045
11770007X
117700355
117703613|2
117709182
117709204|2
11773134X
117737224
117746886|2
117756822|2
117760889
117761273
117762474
117763624
117763837
117766348
117768103
118039180|3
118089641
118153838
118178644
118500198
118500805
118501801
118501844|4
118502441
118503073
118503243
118503278
118503510
118503804
118506994
118508679
11850987X
118509926
118510606|2
11851217X|2
118512188
11851282X
118513028|2
118513060
118513257|2
118513745|2
118513753
118516086
118516108|2
118516132|2
118516221
118517481
118518348|2
118518429|2
118518542
118518577
118518860
118519018
118519204
118519247
118519255
118519514
118519573|2
118519778|4
118519875
118519956|4
118520377
118520644
118521292|2
118521365|2
118521624
118521683
118521977
118522728|2
118522787
118523708|2
118524208
118524305
118524577|2
118524585
118526693
118527169|2
118527711|3
118531328
118531689
118532677|2
118532855
118534483|2
118535293
118535765|3
118537024
118537229|3
118537865
118538292
118538594|3
118539086
118539108|2
118539426
118539469
118539477|2
118539965
118540505
118541463
118541854|3
118541862|2
118541870|3
118541889|2
118541897|4
118543091|2
118543415
118543512
118544306
118544365|3
118555642
118555650
118555669|3
118555677
118556401
118557564
118557882
118557904|3
118557912
118558005
118560581
11856059X
118563106
118563114
118564994
118565141
118565222|2
118568698
118569112|3
118572326
118574418|2
11857471X|2
118574825|2
118574906
118575171|3
118575287
118575775
118576542
118576666
118576933|2
118577018
118577336
118577387|4
118577409
118577654
118577921
118578286|2
118578618
118578715
118579703
118582941|2
118583611|2
118583697
118584189
118584219
118584332
118585967
118586971
11858751X
118588044
118591177
118592068
118592289
118593234
118594575
118595512|2
11860256X
118605178
118617761
118625918
118626647
118632957|5
118637657
118637819|4
11863819X
118638203|2
11863822X|2
118638254|3
118638319|2
118638394|2
118638459
118638521
118638610|2
118638653|2
118638688|2
118638777
118639021
118639072|2
118639188|3
118639242
118640100|4
118640194|2
118640313
118640429|2
118640437
118640445|2
118640569
118641301
118641484
118642774
118643169
118643681|2
118644211
118644300
118644432
118644599
118644807|3
118644815
118644904|2
118644947
118645021|2
118645374|2
118645897
118645927|2
118646079|2
118646125
118646281|2
118647113|2
118647296|2
118647911|2
118647954|2
118647989|2
11864808X|2
118648098
118648799
118649027
118649353|2
118649981
118650033
118651242|2
118652419
118652885
11865330X
118653393
118653539
118655183|4
118655191
118655434|2
118656589
118656678
118656759
118657011
118657100|3
118657119|3
118657224
118657461|3
11865750X|2
118658093|2
118658115|2
118658417
11865859X
118658778|2
118658786
118658867|3
118659170|3
118659359|2
118659367
118659448|2
118659774|4
118660993
11866106X
118661302
118661337
118661450
118661469|3
118661590|2
118661809
118661957|2
118662074|2
118662112
118662554
118662694|2
118665049|2
118666053
118666622|2
11866672X
118666789|2
118666797
118666843|3
118667505
11866753X|2
118667645|2
118668013
118668021|2
118668129
118668277|2
118668285
118668331
118668366|5
118668420|2
118668463|2
118668536|2
118668544|2
118668714|2
118668854
118668900
118668951
118668986
118669222|2
118669524
118669621
118669753|3
118669788
118669818|5
118669834|2
118669931
118670050
118670131
118671537
118673890
118675354|3
118675400
118675923
118676423
118676679
118676717|2
118676997|2
11867708X
11867790X|2
118678841
118679066|3
118679368|2
118679899
118681354
118683004
118683012
118683268
118683322
11868339X
118683411
118683500
118683845|4
118684094|2
118684116|2
118684175
118684450
118686151
118686208|3
11868700X|2
118687182|3
118688383|2
118689061
118689118
118689258|4
118689487|2
118689657|2
118689746|2
118689770
118689878|4
11869247X|3
118694456
11869507X
118695142
118695533
118697102
118697188
118697315
118697382|2
118697390
118697404|2
118698753
118698761|3
11869877X|2
118702262|2
118702270
118702300
118702394|2
11871077X
118710788
11871256X|2
118713272
118714910|4
118716069|3
118716077|2
118716123
118716239
11871676X
118716808
118716832
118716840|2
118716859
118716999|2
118717227|3
118717235
118717251
118717499
118717529|2
118717537|2
118717553
11871760X
118717804
118718339
118718347
118718428|5
118718525
118718533|3
118718673
118718681|2
11871869X|2
118719211|2
118719440
118721089
118721224
118723510|2
118725777|2
11872620X|2
118727508
11872763X|2
118728075
118728539
118728970
118729063|2
118729071
118729764|2
118730630|3
118730819|2
118730975
118731009
118731076
118731386
118731394|2
118731726|2
118731815
118731912|2
118732420
118732463|2
118732498|2
118732501|3
118734547
118734903
118735578
118735586
11873685X
118736876|2
11873699X|3
118737945
118739530
118739964
118740474
118740490
118740504
118741292|2
118742744
118742752|2
118745220|3
118746928
118761145|2
118763350
118768158
118768220|2
11876831X|2
118775693|3
118776258
118776266
118776541
118778528
118779516
118779877|2
118779966|3
118780123
118780220
118780360|2
118780379|2
118780417|3
118780433
118780492|2
118780808
118780859
118781189
118781197
118781367|2
118781375
118781391|2
118781553
118781812
118781847|2
118782215
118782339
118782363|3
118782428|2
118782533
118783114
118783157
118783300
118783327
118783432
118783718
118783769
118783831|2
118784641
118784668|2
11878496X
118785508
118785745
118785893
11878627X
118786679
118786709|2
118786946|2
118787187
118787233|2
118788663
118789791
118789821
118789899
118791214
118792326
118792415
118792423
118792628
118792903
118794280|2
118794752
118794973
118795937
118796410|2
118796623
118797859|2
118799770|2
118799916
118802488
118804073|2
118805479|2
118805487|3
118807382|2
118808761|2
118810987|2
118812920
118819712|2
118821504
118822713
11882497X|2
118827472|2
118828274
118828622
118828630
118829513|2
118829521
11882953X
118830112
118834363|3
118834487
118834592
118834673|2
118834762
118834770
118834797
118834886|2
118834908
11883519X
11883522X|3
118835475
118835556|3
118837125
11883715X
118837192
118839101|2
118839470
118839926|2
118840312|4
118841009|2
118841270
118842749|2
118844520
118845918
118845934|3
118845942
118846566
118846922
118847570|2
118847694|3
118847783
11884816X|3
118848747
118848828|2
118849050
11884914X
118849565
118850571
11885139X
118851594
118852124|2
118852361|2
118852507
118852787
11885299X
118853082
118853597|3
118854100
118855263|2
118855638|2
118855840
118857126|2
118859269|3
118859404|2
118859471
118859587
118859676
118859927
118860305
118862359|2
118862421
118864874
118865978
118869205
118869868|2
118870343
118870475
118870548
118870556|2
118870564
118870661
11887067X|3
118870718
118870734|2
118871692
118871811|2
118872176
118873652
118874225
118875388
118875647
118877496|2
118877844
118879006
118879014|2
118879510
118879901
118879928
118879952
118880195|3
118881779
118882252
118882449
118882503|2
118884956
118885715
118885804|2
118886207|4
118886460
118887254
118887610
118888544
118889168
118890026
118890743|2
118891022
118891138
118892665|3
118893734
118895931
118896393
118897667|2
118898205
118898434|2
11889871X
118898825|2
118899007|2
118899015
118899236
118899341
11889952X|3
118899589|2
118899600
118899872
118899880
118900099
118900919
118900927
118901338|2
118901753|3
118901842
118902156
118902199
118902962
118902970|2
118904132
118908766
118909754|2
118910981
118911023|2
118911090|2
11891197X
118913174
118913298
11891345X|3
118914464|2
118914510
118915967|2
118916300
118916343|2
118916351
118917358
11891801X
118918052
118918834|4
118918842|4
118918877
118921789
118922726
118924885
118925059
118925113
118926381
118929100|3
118930192|4
118930710
118930737|2
118931261
118933302|2
118935003
118935550
118935607|3
118935666
118936794
118937669|2
118937677
118937790
118938118
118939009|2
118939173
118940147|2
118941941
118941968
118942735
118942743
118942824
118948008
118950533|2
118950541
118951203|3
118953486
118953494
11895363X
118953745
118954067|4
118954334|2
118954393|2
118954857|2
11895489X|3
118955314|2
118955527|2
118955535|2
118956906
118958437
118958682|3
118960350|2
118960636|2
118962000
118962337|2
118964720
11896500X
118965808
118965956|2
118967282
118968580
118968653
118968963
118970976
118971123
118973436
118975358
118976281|3
118976931|2
118977326
118977334
118977547|2
118978128
118981978|2
118982028
118982397
118982699|2
118983342
118983709
118988018
118988328|2
118989138
118989154
118989189|2
118989863
118990233|2
118990756
118992074
118993496
118993623
118994727
118995200
11899526X|2
118996193|2
118996878
118998242
118998331
118998358
118998811
118998838
119000725|2
119001446|3
119001683
119002523|2
119002639|2
119002949
11900318X
119004607
119004941|2
119005220
119006162|2
119007894
119008041|2
119008076|2
119008319
119011468
11901176X|2
119011778|3
119011840
119013622|2
119014386|2
119014556
119014599
119016036
119016079|2
119021501
119022079
119022257|2
119022524
119023520
119024098
119025353
119025752|2
11902652X
119026724|2
119031159
119032430
119033372|2
119035545
119035553
119036037|2
119036290
119036363|2
119036479
119037602
119038072
119039842
119040425
11904059X|2
119042975|2
119043238|2
119043459
119043564
119043599
119044021
119044080|2
119044218
119046024
119046377|2
119046776
119049066
119050188
119050927
119051796|3
119053357
119053659
119053934
119054647|4
119055678
119056143
119056453
11905762X
119058421
119059843|2
119060752|3
119060841
119061104|3
119061198
119061511|7
119061961|2
11906233X
119062380
119062518|2
119062526|2
119062984
119063018
119063093
119064189
119064324
119064979
119065037
119065576
119065800|2
119066076
119066777|2
119068168
119068265
119069946|3
119071061
11907107X
119073315
119073382
119073587
119073978
119076578
119078244
119078929
11907897X
11907950X|2
119079763|2
119080176
119080273
119080362|5
119080478
119081458
119082446
119082624
119082918|2
119083442|2
119083450
119084147|4
119084686|3
11908631X
119086395|2
11908676X
119088770
119088789|2
119089076
119089777
119090309
119090392
119092212|2
119092344|2
119092468
119092476
119093081
119094800
119097028
119097249
11909729X
119098555
119098857|2
119102978
11910363X|2
119104423
119104431
119105179|2
119105381
119105683
119106833
119110040|2
119110520
119111098|3
119112833
119113856
119113872
119115735
119116480|2
119116650
119117851|2
119119064
119120658|4
119121344
119121840
119123126|2
119125552
119128292
119130025|5
119130262
119132591|3
119133164
119133199
119133660|3
119136503
119137399
119137534
119138158
119138883|5
119139162|2
119139170
119141469|2
119146355|2
119146371
119146975
119147262|2
119147378|3
119148668
119149281|2
11914929X
119149370
119149389|2
119149974
11915143X
119154587
119154692
119157918|3
119158027
119158299|2
119159783
119161613
119161915
11916194X
119161974|2
119162059
119162091
119163586|2
119164248|2
11916437X|2
119166003
119166798|2
11916681X
119167476|2
119167603|3
119168731
119171295|2
119172798|2
119174022|3
119177013
119177471|2
119177501
119177560
119177609
119178362
11917894X|2
119185245
11918530X|2
119186268
119187426
119188244
119189690|4
119190133|2
119190230|3
119190559
119193256
119193957
11919399X
119194031
11919404X|2
119194392
119194414
119195003
119195089
119195100
119195119
119195313
119195828
119196255|2
119198193
119198428|2
119198487
119198525|2
119198649
119198657|2
119199157
119199742|2
119201658
119205300|2
119207133
119208180|2
11920875X
119210959
119211106
119212064|2
119212188
119212293|3
119212307
119212706
119213354
119217570
119217597
119217783
119217791
11921914X|3
11922030X|2
119220806
119223414
119223775
119224267|2
119225042
119228106|4
119228521
119229269|2
119230429
119230860
119230895|2
119231492
119232111
11923579X
119238500
119238675
119240351|2
119241234|3
119241846
119242133
119242583
11924358X|2
119244349
119244942|2
119245108
119245655
119246651
11924909X
119249154
119249189
119252406
119252422
119252457
119253933|2
119253992
119254603
11925476X|2
119254786
119254948
119255936
119255960
119256525|2
119256622
119256908
119258056|2
119262290|2
119263548|3
119264080
119264897
119264919|2
119264935|2
119264951
119265095
119265249
119268612
119268671
119268884
119269805
119269953|2
119270412|3
119278723
119281155
119281937|3
119282100
119282216
119283999
119284006|2
119284642|2
119284766
119284820
119291096
119291177|3
119291592|2
11929169X|2
119291967|2
119292599
119292823
119293234|2
119293366|2
119293412|2
11929348X
119293501|2
119293552
119294214
119295369
119296195
119296543
11929737X
119297507
119298147|2
11930127X
119301814
119302187
119303744|4
11930466X|3
119305356
119307448
119310805
119315726
119315777
119316250|2
119316765
119316951
11931701X
11931715X|2
11931777X|3
119318938
119320320
119321599
119321653
119322218
119322870
119323265|2
119324512
119324687|3
119325292
119325373
119326981
119328887
119328984
119329514
119329530
119331373
119332558|2
119333090
119333163
11933318X|4
11933321X
11933352X
119334364
119334720
119336324
119337363
119337800
119338025
119338106
119338742
119340674
119341026
11934145X
119341956
119344289
11934436X
119344378
119344483
119345323
119345382|4
119345544|2
119348470
119349639
119350033
119351706|2
119351749
119352966
11935487X
11935571X
119355744
11935649X|2
119357151|2
119358751|2
119358824
119359790
119364131
119364301
119364360
119364409
119364565|2
119364662
119367092
11936820X
119372479
119372843|3
119372983|4
119372991
119373009
119373157
119373343
119373351
119374161|2
119374366
119374862|2
119375230
119376652
119380765
119381842|2
119382431
119382512
11938261X
119383314|3
119383543
119384264
119385368|3
119385481
119386119
119386429
119386445|3
119387425
11938762X
119388219|2
119388391|2
119389134|2
119389320|2
119389401|3
119389630
119390019
119390043
119390051|2
119391856|3
119392364
119392690
119395304
119395835
119396645|2
119398249
119398885
119399229
119399660|4
119399784
119399814
119399849
119401452
119401657
119403331
119404192
119404788
119404893|2
119405938
119406071
119406608
119407191
119407310
119408007
119408333
119408368
119408406
119408414
119408422
11940883X
119409100
119409216
119409224
119409542
11941029X
119410435
119411458
119411490
119411563|2
119414651|3
119415739
119415984
11941919X
119419661
119421410|2
119421488|6
119422271|2
119424452|2
119425122
119425602
119426307
119426846|2
119427060
119429411|3
119429713
119435934
119439271
119439352
119439549
119439565
119439603
119441845|2
119446448|2
119446499|2
119447312
119447754|2
119448238|3
119448246
11944898X
119450909
119454270|2
11945484X
119454866|2
119455129
119455358
119455404|4
119455463
119456907
119463474
119466147
119466686
119470047|2
119470055
119470241
119470292
119470659
119470675
119470691
119470756
119470764
119470829
119470918
119471760
119474565|2
119477718
11948059X
119480972|2
119481715|2
119481758
11948420X
119485702|2
119485737
11948823X
119488469
119488647
119490153
119496550
11949826X
119498901
119499320
119500396|2
119500639|3
11950247X
119503158
119503816
119504154
119504707|2
119505304
119505703
119508125|3
119508656|2
119508796
119511266
119511274|4
119511622
119511630|2
119511754|3
119513838
119514567|6
119515172
119517906|3
119520303|2
119521482
119523957|2
119524791
11952533X
119525429
119525542|2
119525550
119526077|2
119526441
119528096
119532387
119533219|3
119533383
119533391
119533561|2
119533634|2
119533642
119533650
119534487
11953469X|2
119535165
11953763X
119539780
119540266
119542315
119542420
119542838|2
119544423
119546035|2
119546612|2
119548690|2
119548798
119553635
119554267
11955562X
119556731|2
119559684
119559854
119607581
119608553
119609657
119624001
119625563|2
119637057|3
119637065
119650355
11968568X|6
119686341
119750910
11975911X|3
12000304X
120008793
120011271
120014505|2
120021323|2
12003302X
120033224
12003798X
120076721
120089343
12012033X
120120593|3
120132001
120134837
120144883
12016261X
120168081
120169487
120175061
120186497
120201887|2
120214474
120217562
120230666
120234866|2
120235935
120235978
120236567
120237873
120254662
12027809X
120278316|2
12028250X
120314401
12031942X|2
120345927
120360047
120400634
120403188|2
120414147
120456052
120520575
120540339
120541505
120558580
12056887X
120570823|2
120581035
120584581|2
120594579
120607220
120609495|2
120611511
120647257
12065959X
12066304X
120666189
120668351
120668912
120669161
120672073
120686341
120701502
12071874X
12073253X
120736233
120740095
120752840
120799332
120819368|2
120820242|2
120820285
120820323
120856379|2
120862514
12086844X
120917696
120917769
12092126X
120924587
120935902|3
120936909
120938456|2
120942216
120956136|2
120972522
120984814|2
120995506
121001156
121014711
12102587X|3
121034658
121035840|2
121040852|3
121041131|3
121041530
121059669
121090760
12109099X
121091651
121094820
121095509
121095576|3
121097331
121098184
121098915
121117383
121122875
121125270|3
121125483
121125785|3
121125815
121136264
121152596
121177734|3
121179613
121195600|2
121199711|2
121236277
121250830|2
121260631|2
121261182
121261360
121283682
121288900|3
121290565
121294609
121298108
121303071
121304493
121305511
121321657
121324028
121328023
121337243|2
121348970|3
121349446|2
121375471|2
121377369|3
121377393
121377431
121377458
121379760|2
121380637
121396495|2
121396932
121409163
121409171|3
121420930|3
121426343|2
121430189
121448703|2
121448800|2
121449491
121452441
121460460|3
121463435
121463869
121465691
121487369
121546322|2
121561178
121585603
121594939
121623882
12166032X
121664678
121675076|2
121675580|3
121675599
121693597|2
121698106
12170758X
121726614
121742245
121750035|2
121752984
121753220
12175846X
121767787
121772330|2
121775348
121788326
121807363|2
121809501
121813657
121823768
121823946|2
121838951|3
121843629
121843688
121843874
121865452|2
121890120
121900274|2
121906914|2
121907821
121911152
12191772X
121920658
121940950|2
121948234
121949087
12195546X|2
121960773
121963357
121964205
121966747|2
121969479
121976998
12198365X|3
12199547X|2
122010914|2
122017536
122020944
122028694
122036468
122038908
122073258
122075390|2
122088409
12208909X
122096592
122099648
122109961
122116275
122124960|3
122147855
122157273
122187903
122191129
122192117
122192168
122208293
122221648
12222518X|2
122229894
122230132|2
122234456
12223927X|2
122239377
122239598
122242149
122250214
122262662
122277147
122303660
122309766
122312902|2
122323475
122336216
12233969X
122340566
122343204
122363078|2
122377680|2
122386655
122399684
122428501
122428609|3
122440676|2
122451759|2
12245670X
122461878|3
122469453|4
12247189X
122479807
122484045
122484967
122485955
122494849
122503341
122504941
122504992|3
122509005
122518667
122531329|2
122545575|2
12259116X
122640519|2
122645839
122658809
122659937|2
122665104|2
122666526|2
122682343|2
12270049X
122724127
122727754
122734912|3
122758811
122773756
122774582
122776356|3
122776526
122779606
122779983
122783239|2
122788346
122789814
122802381
12280239X
122815661
122817052|3
122817575|2
122826450
122832264
122864980
122865200|2
122884272|2
122894510
122918320|2
122922468
122935543|2
122939131
122967046
122970470
122978242
123030137
123038723
123051614
123056101
123057531|4
123063795|2
123073707|2
123075459
12307908X
123082420
123091063|2
123097843
12309898X
123100798
123115930
123119081
123129850
123153387|2
123159253|3
123162750|2
123165687
123177154
123220610|2
123222133
123227658|4
123230179
12324496X
123258049
123259444
123259908|2
123270340
123287057|2
123312663|2
123315611|2
123330688
123352983
123353483|7
123370418
123372178|4
12337717X
123380502
123386004|2
123425077
123435161
123438128|2
123439566
123440025|3
123441315
123446465
123447925
123450934
123451035
123453968|2
123454832
123455111|2
123455235|2
12346496X|2
123479290
123481708|2
123489113
123502764
123510554
123521033
123535646
123540224
12354307X
123555280|2
123556341|2
123556783|6
123556791
123556805
123556945
123557097|3
123557356
123582784
123588855
123590531|2
123591694
12360060X|2
123601533
123610273
123610311
123612578
123631270
123633958|2
123651360
123664284
123667542
123683637
123721644|2
12373195X
123750296|3
123757703|2
123791081|2
123804566|2
123808103
123821649
123826438
123833086
123839289|3
123876885
123881439|2
123881730|2
123907187
123913179
123924855|2
123951569
123983517|2
123987040
123998204|3
124000452
124006140|2
124029779
124033083
124036759
124041035
124062296
124071473|2
124074987
124111653|2
124115314
12411718X
124117732|2
124124119|2
124134246
124135099
124135129
124140432
124144047|2
124150365
124156312
124161227|2
124163319|3
124163629
124165079
124170463
124191029|2
124194516
124196853|2
124198449
124207758
124216250|2
12422217X|2
124233031
124246141|2
124254756|2
124268420
124268749
124269931
124270441
124298001
124315356
124330037|2
124330568
124331165|2
124336086|2
124339069|4
124341314
124341799
12437025X
124375162
124377297
124380751
124394302|2
124394450
124396607
124405584|3
124406114
124410502
124416098
124428592
124429912
124453597
124469108
124482546
124488862
124498582
124498698|3
124502938|2
124504280|3
124523544
124524478
124525490
12452821X
124534627|2
124541100|2
124541801
124545998
12456674X
124570143|3
124576621
124578055
124580408
124585183
124587917
124611869|2
124621643
124631509|2
124636853|2
124651127
124652174
124652794
124657575
124658415
124658458
124667589
124668364|2
124669158
124669298|2
124683207
124685072
124692567
124700004
12470204X
124708978
124714943|3
124726747
124727166
124731007|2
124731864|2
124745512
124788661
124788815|2
124788971|2
12479873X|2
124825621
124828825
124835031
12483664X|2
124839452
124843778|2
124860206
124915248
124936105
12493868X
124939988|2
12494308X
124949126
124983790|2
124986625|4
124989268
124991718
124992323
125006926|2
125999607
12618707X
126271305
126308071
126412871|2
126443688|3
126791899|2
127153152
128275197
128349972
128380209|2
128382643
128387009
128406844
128407158
128415959|2
128417110
128426489
128441062
128445831|2
128457082
128458992
128475862
128479132
128489960|2
128490012|2
128495073|2
128514051
128541032|2
128544902
128545720|2
12855908X|2
128559837
128571128
128578815
128596007
128609761|4
128610212
128614404
128621346
128631597|3
128638656
128640502
128642017
128649224|2
128661747
128680504
128683090
12869016X|3
128698144
12872059X|2
128746408
128746467
128765224
128835842
128841915
128847212
128848014
128851007|2
128856297
128857269
128869062
128869828
128871652
128872055
128891890
128909463
128912928
128912960|2
12891548X
128927666
128930365|3
128931000
128933313|3
128943467|2
12895535X
128958642
128959088
128960787
128961163
128974990|2
128980109
12898113X
128981180
128982934
128994797
128994827
128995238
128995599|2
12899858X
129005819|2
129006661|2
129007900
129007943|2
129010707
129016144|2
129016764|2
129016845|2
12901804X
129019941|4
129020869
129022403|4
129022764
129028762|3
129033308
129034630
129044881|4
129048011|2
129048674
129050911
129051519
129059870
129060348
129068403|2
129069787
129069930|4
129072877
129073873
129085065|2
12908896X
129091820|2
129174637
129195006
129210323
129216968
129222976
129224936
129229563
129236713|2
129242446
129266272
129272485
129291897|3
129344834
129346446
129348368
12935726X
129359513
129381624
129391255
129397660
129401307
129414182
129422886
129463450
129479438
129498181
129518948
129559040
129565105
129588717|2
12959203X|2
129593370
129603325
129603821
129605565|2
129608513|2
12961212X
129630403
129650994
129653187
129656003
129657379|3
129665886
129687979
129694320
129703141
129704458
129721905
129725102
129726036|2
129735183
12973568X|2
129741183
129743844
129747394
129768294
129786306
129788872
129809500|2
129809942
129812943|2
12981640X
129839310|2
129854638
129856010|2
129859516
129867144
129884820|2
129892432
129899364
129901261
129911739
129928860|2
129942235|3
129954063|2
129970867
129971359
129982288
13000345X
130007978
130041386
130042560
13004914X|3
130082244
130102962
130152072|2
13015637X
130163295|3
130170178
130184187
130206164|2
130241075|2
130259926
130339083|3
13039002X
130395331
130399310
13040019X
130405337
130419133
130422010
130427764
130450987
130462799
130478199
130483281
130496340|4
130505838
130518603
130518689
130558311
130561312
130591211|2
130615536|2
130617407|2
130623148
130632775
130641057
130803316|3
130825557|2
130832332|3
130851094
130864692
130885592
130914878
130922021
130922374
131115693
131365096|3
131375962
13139701X
131410164
131424998|2
131443313
131445847
131454307
13146471X
131494201
131507761
131523627
131528610
13153081X
131533010
131536303
131559893
13156756X
131568337
131596020|2
131602721
131657577|2
13165943X
131666762
131666851
131683845
131746022
131749056|2
131756567|2
131756966|3
131768298
131771841
131806297
131824414
13183424X
131838644|3
131848283
131860992
131865846|2
131867814|2
13186789X
131878166
131880551
131913883
131967983
131995510
132007711
13200867X
132035758
132044099
132071584
132092301
132094975
132143488
13214882X
132234173|2
132241579
132258129
13227826X
132287145
132299372
132302934
132307383|2
132310163
132311364
132311860
132313529
132322676
13232539X|4
132327740
132334801
132392984|2
132402130
132409496
132461803
132541238
132551330
132570653
132588676
13259322X
132594315|3
132643774
132654571
132656000
132690438|2
132690616
132691302|3
13269848X
132715414|2
132733412
132775719
132778890|3
132800748
132831643
132846632|2
132847817
132883880
13288495X
132911167
132917475|2
132924110|2
132934396
132956330
132959445
132961393
132969629|2
132970473
132981874
132991764
133002756|3
133029794
133033783|2
133059588|3
133065278
133141810
133205711
133211061
13330647X
133307042
133339319
133346757
133360326
133373800
133378101
133442802
133495264
133500004
133502597
133534456
13353961X
13355838X
133562700|2
13357086X
133592162
133597636|2
133618544
13366578X|2
133703800
133713725
133812871
133821889
133845117
133883930
133902617
133913880|2
133914550
133946207|2
133961400
133965996
133979342
133979741
134000358|3
134211863
134243641
134279735
13432546X
134345002
134349091
134370821
134375866
134380916|2
134385683
134458893
134479599|3
134482409|3
134591240
134596005
13462503X|3
134636716|3
134654072
134736869
134756908
13475994X
134868226
134900871|2
134966686|2
134968328
135059291
13513482X
135224462
135254671
135280281|2
135324378
13533070X
135359198
135419875
135442281|2
135445604
135466679
135517907
135569206
135569621|2
135597226
135601916|2
135602246|2
135614279
13562519X|2
135646197|3
135646766|2
135647452
135648211|3
135657083|2
135671159|2
135683165
135696968
135785499
135801710
13581880X
135872553|2
135877636
135878624
135880882
135995302
136048307|2
136105386
136160115
136166628|4
136183425|2
136192645
136217818
136221785
13627594X|2
136307353|2
13633508X
136346510
136383408
136409881
136421490|6
136421784
136442404
136449999
136470467
136485375|2
13656724X
136637140
136667279
136734057
136772706
136800424|4
136803490|2
136813615
136828469
136845274|2
136869289
136914160
136919596|2
136923283|3
136924794
136934714
136945228
136946712
13696575X
13697984X
136980880
137011059|2
137026323
13707817X|2
13713049X
137139268
137215649|2
137222017
137253745
137271700
137312350
137326653
13734077X|3
137353766|4
137355947
137371578
137452241|2
137452497
137492758
137496443
137509383
137512791
137554788
137677782
137786077
137807252|2
137820682|2
137848129
137896743|3
137948743
13796465X|2
137990162
138008566
138047499|3
138049645|2
138093555
138157510
138222525|2
138256195
138354189
138381062
13842439X
138426619
138439087
138458790|3
138460841
138466734
138477485
138489726
138490732|2
138720851|2
138723346
138743576|2
138833923
138856664|2
138973970|3
139028951|3
139042334
139151893
139154205
139264094
13932271X
139432973
139447644
139481745
139529896|2
139603298|2
139628975
139657762
139666931|2
139757228|2
139851720|3
139904328
139904964
139992359
139999361
140025790
140027467
140037179
140050205|2
14012859X
140138064
140187065
14021643X
140306129|2
140325298|3
140447164
140496009|2
140526587
140571396
140594981|3
140604243
140642854|2
140653716
140661794
140689621
140753141
140810412
140950044
140998233
141026553
141054573
141055359
141165669
141206330
141233648
141320524|2
141470895
141517409
141691719
141806788
141845864|4
141893796|2
141916893
14195860X
14202953X
142369322
142377600
14243017X
142432970
142530905
142541869
142569682
14257631X|2
142596167|2
142693650|2
14270721X
142776513|2
142841129
142901466
142903264
142923931
14295876X
142979619|3
143046381|3
14306567X
143096192
143101080|2
143217631
143230158
143431412|3
143431730
143434217
143488147
143497723|2
143499106
143519816|2
143537776|3
143549278
143597671
143608045
143671154
143691430|2
143718118
143726625|3
143747789
143804367
143834967
143920529
143935992
143945920
143976583|3
144033607
144034093|2
144038315|3
144055465
151121222
151212406
151622159
151960070|2
152321772
153170018
153171200|2
155545973
155896148
156352451|2
156978520
157627365
158116224
159560519
159732913|3
159894409|2
170311341|2
170590631
171337085
171967682
172015502|2
172029740
172045320|2
172278546
17229018X
17231609X
172317339
172493196
172607000
172624894|2
172646022
173012728
173044700|2
173127916
173161324|2
173228305
17325585X
173302106
173321968
173694802|2
173722180
17375368X
174083696
174159943
174165382
174196415
178231223
178248789
180341677
180622919
18309476X
186035306
186746954
188283137
188425039
188432116
188436952
188438750
188439897
188445005
188446435
188461698
188464824
18847031X|2
188485384
188485821|2
189233923|2
189567473
189736984
300017928
300810539
300971672|2
301021678
301022097|2
4010433-3
4127696-6
4200222-9|4
4230240-7
4298365-4
4365722-9
4383835-2
4403418-0
4509278-3
4548702-9|2
7521377-1
TYP-k
