#FORMAT: BEACON
#VERSION: 0.1
#PREFIX: http://d-nb.info/gnd/
#TARGET: http://personendatenbank.germania-sacra.de/index/gnd/{ID}
#FEED: http://personendatenbank.germania-sacra.de/beacon.txt
#NAME: Germania Sacra Personendatenbank
#DESCRIPTION: 
#INSTITUTION: Germania Sacra, Akademie der Wissenschaften zu Goettingen
#CONTACT: bkroege@gwdg.de
#TIMESTAMP:2017-02-15T11:42:01+01:00
1050553268
128736127
118792806
138843031
137526962
13764390X
133826422
136158560
135999928
139697640
119075709
116186038
135941636
119614294
118645056
123900743
135670136
118713949
101521405
136144233
118503820
1037541030
133274497
138530017
131661566
136148964
10436243X
100938310
123677092
1114516953
131771531
104083107
137947216
118727508
131773135
119512165
131817132
137409664
131816616
129299073
13178563X
131785540
1056133287
174157746
132640562
100966497
140006893
140006885
136197655
136490751
1019728035
138931992
119656620
118505165
118578308
102732343X
11865537X
1013423631
12043881X
116271663
1034711814
1025457498
10424013X
1052846947
1035170388
137351585
1052707262
100953018
1015574343
133419878
119541408
116101040
136407978
138275750
13313878X
189416548
100962343
1065638787
1078180563
124681727
136293468
1037649605
124751946
1037572998
136192963
11711006X
1037619102
1052643094
139995382
140781803
1019407514
1049203275
1037566319
121395154
189450495
116757825
100075657
118868756
100124232
120014424
135705789
1033994235
1037500946
1037505816
119438054
130080896
118868322
119029022
118600095
12397903X
119022516
102427178
11856594X
136138195
11907155X
1017854483
1024985032
1017854629
1017854831
137363559
124505775
100948111
120907321
136428754
118808753
1034908758
13394459X
1037512820
137727429
189428171
137947321
121465675
11967923X
102559473
102473781
119485427
1076053173
136000266
136302408
1051205425
123975131
119222396
1033723371
1034695126
1034696025
103469605X
121586863
104315245
135670594
1034734423
103473444X
137311796
1034939416
100954073
10095636X
118739581
1035120267
1035120801
12496933X
124065619
101919263
100960510
119475774
135669774
101659318X
137244045
136158188
136036147
137947526
13794957X
189553758
189543906
117135720
116929634
135666732
138528241
100168493
123193869
1062997077
129101907
118683977
118718673
1037570871
123046246
124806937
119488027
129872369
103750223X
120812096
1037496663
100961401
123037514
119610736
118518569
120869861
10094745X
101865619
119172003
117134694
1033145963
11700622X
118501550
1023034883
1051152925
116520531
119659018
124384439
141302844
11859897X
116370831
136002056
136049508
116832371
121261530
120805413
135738180
137946236
139568816
1080272380
140171975
136137687
1059646307
118609947
122953975
139647856
1037118774
102399531X
12466833X
138564604
139095837
118643525
136912168
130652172
117758868
1099122384
133600203
133495035
100112056
133619729
10423508X
102529655
116841109
116393378
133754979
133768651
10254977X
13683082X
122721519
100965105
137846177
103912010
140735828
102426597
136233473
136006868
11686091X
122700449
100976905
118782711
1025907450
122950747
156355116
103012192
1031898026
12249962X
12295078X
123620112
134258126
11721793X
119265427
119211327
118797352
136995349
100634826
119522152
1020742003
122945522
137922442
1051195063
118563890
1037553047
173298508
12236273X
103089543
173284388
100939341
189531568
189518464
1051189411
172546109
1051201721
172094631
173335144
172107407
189537884
173329195
172143470
189551445
173328911
105119590X
102359229
104129484
173329098
173329470
1051199069
173329160
18953155X
172721601
17332973X
118945408
118852329
131966863
1031116966
11924070X
1012274780
139992723
134188497
100228895
1025032381
13961088X
11876134X
102479178
1049498941
1018386165
174157533
1079393714
105118830X
117050105
1051189454
116229209
118693077
128985194
138715661
173329535
11894374X
119715279
173329241
115104216
116962526
1051189446
1051200644
100327729
14398067X
119115174
1019423242
118711040
1037527399
128553170
118555774
11871290X
118580744
119317923
118793985
139151788
129417084
174144679
141454008
1038118417
137959478
139543236
13685043X
116853700
104223820
138008639
136874460
142531154
119600641
13969370X
132516276
118502220
119605422
119059835
11911139X
10243347X
128555211
104237392
118853082
102422907
136758657
135583772
102331245X
103769544
130447463
11867045X
137196520
119650606
139697519
133879879
142025089
119684004
100835503
100377645
102536880
1072186209
138843171
138843244
137058950
137326424
143311409
129299405
12225290X
136782221
102305889
138341079
130486213
133312658
118588109
11905762X
124854184
137344201
11878790X
11980123X
1076399851
117533254
1073292193
124884458
1020210362
121292916
137656688
115713727
142334154
122900987
1037539907
140584099
118649914
140581456
136840957
122023129
120136368
129006025
140548017
1013427327
140548629
140577742
131879243
11895623X
140490027
143886657
118548379
118891995
1045262579
11924179X
140489894
121754170
124166105
14113335X
140578390
126601720
129044571
118826018
135980852
100237584
140490078
140390545
118768654
124047297
140012400
10430376X
140584048
132266369
13580275X
135708869
117762717
137602332
1034700383
104884967
1045999083
10006020X
1029527342
100940560
103118802
1035179342
122785983
137531974
136175414
13736282X
138742537
136052967
11869944X
143210866
118552457
118552716
116522607
12089243X
124899242
135664721
100837441
132503220
1011737906
141263385
173860826
136721281
123019125
118729438
120438879
109018767X
117081051
137568398
18948862X
118736191
118858173
138330301
13802328X
138459517
1034710850
120146177
119020572
124366783
133143252
129881481
108926268X
104176784
116888571
117637939
1051482356
135930170
136864511
136021034
132387336
117436216
124292100
119622173
118681524
131496255
137636229
118698451
136722148
132603837
100769594
118580884
118784854
173106382
1074878094
136793517
138932190
104161612
118755552
123213843
102417946
1074246748
122075560
1033721182
1018604049
139480390
1033723444
118722301
122073576
135604567
100937101
117760846
130855804
189409967
123922240
133245128
1033718629
122513088
139540849
13582737X
138778582
1055706267
129880310
132366126
124292100
1036247554
1037240464
12433539X
13954500X
141990716
1070473863
136602460
136721567
129685844
118511882
137841264
133390721
118936301
119560313
128984724
189410191
116562722
1034665545
1034660209
129101729
1034711555
104144769
138776814
14324616X
118680145
136845096
136434584
1024401197
119107910
118681613
119240874
102547394
139888756
103155163
138807159
121321207
17312724X
129308838
119007754
188485767
116501065
1011439999
1035162067
139140689
136025366
119005859
119684012
118833731
123388368
117545600
11668514X
118718266
138743495
136986382
11891152X
119099233
123502160
118773674
10415926X
119559455
137947313
137358636
128775920
118706217
120417820
119441969
131894188
100949746
136203264
122848381
13797938X
129700347
189532149
11865330X
131793047
137979460
11894780X
119498472
118522353
118567543
122235800
118779141
101985630
124014275
119747189
130256811
142409464
129149586
12207288X
123055113
121123731
122069447
118891138
102341435
13716324X
12851941X
104066415
104198419
116976659
124351549
138144486
138144516
138144508
189532211
1044729392
123414245
1030344167
124229239
124381200
11858815X
12396685X
138275580
138461171
118591924
138904855
139175466
116179260
123383404
1034148044
100279090
132131412
123672678
118820753
118598643
17335212X
118745360
124583105
121271617
115872442
1035147084
13805746X
136729444
129413089
118609521
122837339
142577898
174386656
122298543
124847560
143291491
185133487
118880640
119132095
137618344
1082156094
12886110X
130460885
121463354
129073601
129999121
118630067
122731913
136090532
103036504
174340206
13791394X
139523359
119490528
120623803
123890586
1012858472
100626459
104085746
118558064
11866686X
173179258
1034919946
173860826
189532211
12995392X
1076888720
12232319X
11931519X
117760846
100654649
174132468
118651307
119022265
119054256
129514365
120247305
129461466
11952600X
118948008
133089916
172015502
128446838
117518387
12869016X
119650363
12468520X
118678728
119653257
133271439
140936181
140935290
118679716
133495299
118879804
136029973
117751588
119661926
116503610
100119824
119338904
118532626
1043685014
133535479
136198937
131910256
136780016
12449224X
11871693X
136293034
119685485
116602368
124839452
118880284
115486445
119079607
172713161
115394788
129942235
100006000
117677337
100863892
118720945
123622409
118991280
123162483
136600794
102534810
100092098
11872942X
173328636
129149683
128724870
118730819
119392526
131895869
129864412
137180314
119064227
118734555
119768151
11955111X
119779633
122417690
11859544X
116249048
118741691
119803321
128474599
1018053441
122533194
117218316
132964449
132322366
118614193
120092662
124282326
124734707
1013169832
122017366
138302529
119220881
103143998
139263047
1014955467
119034506
13915650X
11803412X
102556989
136527175
129054941
118505386
137157673
118521365
116083905
129807834
129102091
118089579
133613453
14152717X
119159066
137430787
118703226
121043878
118986309
123413982
118719173
130638226
124318460
133850544
128827017
121517640
11855462X
120661675
121361381
137939213
1018682864
128596589
131893556
118566520
134225333
136290604
118727788
117044350
12964563X
120178664
126790612
118575775
1089661045
1029271437
129798592
100249582
100957935
120162989
100226558
100535917
118833324
12910082X
133807886
120005875
11710938X
119193531
142424234
130628018
119489635
129252247
100623247
1012364879
119369923
119154684
129253960
122039157
129253286
118681516
128565101
129268194
115409335
128926759
136871267
129408328
118636928
100712398
132475847
116471123
11897128X
118694480
11855042X
13558986X
118935364
122766644
133256626
11850889X
119667762
139292837
119242737
10095619X
118571850
118588052
131560638
118788698
136841783
118765116
11949809X
117492450
11861777X
137799187
11850004X
135668638
11926997X
126710562
102422397
101997728
102571538
102424500
136149294
100937977
129885517
119222701
103118683
102435146
101186133X
10244143X
138041245
136926193
102473927
103086854
133688356
102475717
137853130
143885995
104349468
13621486X
119152355
100950094
119082373
139364323
118588850
118735640
100956254
11874786X
143961004
11879230X
139286284
139040331
118788299
103086277
103078878
119462990
1018595910
143983091
136789064
118967576
141320044
119511924
103151141
115796223
137839677
10315700X
11880717X
115876715
138010331
122304063
102433763
118535013
126717540
118787977
118998285
13616014X
118766074
119254239
138780110
118944053
119059428
137014554
137097263
173860826
11703780X
12959203X
1037736044
1018388095
138144559
118757806
121234622
117012599
123431573
136819109
129303798
133611159
119335409
118776762
115532552
136685226
12479727X
122504852
118523708
1021089656
139579206
133632075
129654485
137313187
100940625
119446359
119082381
140081631
129309435
129305030
138778825
101779541X
133678903
133689778
118709488
101237470X
129306509
118773712
120677822
100945503
140605541
118707892
133482847
102574995
10254266X
139481559
118780247
10412427X
123611911
10283637X
11709711X
123612829
102477795
116191260
129306665
129305332
104095962
139060871
13909623X
128689056
124114431
129305758
101044011
142825999
136585876
104357738
117370053
118637657
135978920
120126222
135939917
102425906
101508913
118525549
137525222
102500274
136122388
136198724
136848192
13684961X
13964797X
131949942
102471568
137066546
136221785
135684625
121669203
133909336
119271508
138775710
102507589
137363028
13845969X
138063796
123055385
136069835
118770942
136198104
135684714
118522132
118896156
1020284722
118801848
121041069
138605904
119113309
139012869
13669781X
1013944437
188010319
118647725
100031358
128983574
136198422
1050553233
13617017X
120127172
138743673
138743770
102430837
119744791
124577008
139000135
121431584
100221734
102507597
131557793
138245657
138457700
138457735
138457794
1013915097
118608576
1012848353
13855787X
138282021
142680745
128544902
117182117
100091695
116138157
136925995
121935299
116750251
121337200
122806980
118559796
119174383
118596829
118605097
119473674
121334813
1035148447
118620452
174135556
174135564
118822950
189417544
1020049901
132678128
100533388
138015228
100961606
10096995X
103146385
11864761X
11864422X
128971738
119526077
100940374
119318679
100946585
18668455X
118829122
118576631
119097028
1011811340
100116043
11879681X
118644963
100961363
100962548
118693697
133246051
136155073
119073587
138733848
133274675
1012290662
100019668
12290141X
135873886
116146532
121539059
120163713
153715723
121678547
122594738
121679535
121543358
121811549
121782891
136325149
133480402
133507637
123073537
121087468
143510029
118533355
100942245
136216064
124288561
136049974
116392428
1033681504
133832899
119239876
123073189
136154409
102547629
10410371X
137122314
129765031
134301323
137100264
122321758
123623987
129016489
138559848
134121260
115858679
138460884
10095717X
124571905
118792555
102499101
121778118
119547651
132500914
121193993
118752596
118620878
129275301
119392976
118629662
131601857
118643479
120266636
1028817495
1028817827
144012340
100011071
104060093
173109705
122019687
117295671
138566763
123291607
118507923
1047208296
101432488
118659669
122028805
115864849
101093713
122201620
118868829
118675885
116637005
11852190X
118677519
118678809
120710102
143239511
128688599
118928996
1012264491
119292203
130818151
130310271
11951091X
173328822
118680838
12222132X
119108542
118695304
124771262
116909226
137305958
122880579
115862625
1020116382
1037498925
124779581
1043461345
1015518605
1033697974
118706292
118775952
140711260
140677488
118562347
131637754
119080958
118823795
123737125
136664318
14307928X
118720899
1018353380
1018362312
119829231
100632572
115392874
1019764767
123096200
119363577
118590111
104196858
118738925
118594214
118597051
139064184
118749234
130236330
102951535
13143604X
119805855
103116222
139280596
121400719
102239452
124237118
115749438
128651075
130830941
117643610
118600141
139914161
11730638X
115848177
118757490
115775854
124210155
122441044
121538524
131679546
11902313X
131659359
1058199560
1037532945
118628380
133183181
139828303
143236229
123001935
1027579191
136231535
1037533224
1037533232
1049249240
118647741
118848399
101863634X
139920269
1011947765
100110274
178949922
118654233
118657895
141063785
1012177548
1017514445
118660489
129204668
1051203414
137840624
11851749X
13705856X
138736448
118666665
123445493
1031390448
124596940
116321997
101053800
1012373525
1019470216
1018596054
121132668
118083775
1012408418
104057408
138740720
13160670
153706775
124582834
138756910
136972314
118696009
1018386203
118541013
128662751
124961002
1019685026
119519909
103154620
123033101
1012369269
1017071241
11883102X
121217760
12949030X
13872217X
121403106
1019470224
1019470569
103812202
1012769232
1030379076
154184934
101229725X
121957586
118559273
1012810046
102417334
118991302
119282534
119059541
137312407
124615929
119657902
101947064X
119545209
103105700
128716770
122813235
1019685069
1048306313
1037550617
139853634
1019470240
140641475
1050781767
136426492
117300853
138749752
11874089X
134060717
100231993
119143801
124577598
128699817
102478104
118751336
118609432
18940986X
158555244
1037532171
118794035
172577276
11861424X
119261871
116028114
11748329X
1037525841
128558407
120479842
118802186
124794777
1037606213
13593107X
135931231
121765482
1012177874
1012366766
136069428
1019911549
137797648
143984772
1012769178
1012769186
137803206
118633058
122061454
11741137X
1012387283
1019685581
118712578
137976917
118538608
118997076
118621777
118704249
118533649
119503514
1025575865
135957699
13412474X
118878646
139477462
137512406
118528823
1012348636
129306258
119369419
118717057
131528270
136850561
136159141
118548441
102501440
137944950
136099017
131817825
136953913
135738229
137950187
136420753
137965729
136670407
100956149
11937840X
138459363
13879376X
118590898
118600273
137275765
136457525
136459188
119523531
135785634
12094989X
102362432
120251973
118647318
118501607
129306568
11864775X
118650084
102423091
137947356
122868218
138776997
131772961
133280314
118656724
118513249
133763005
118666088
102551472
119300648
118560220
129290874
119371936
140043292
118563106
119308339
136760295
137346204
120798417
131351729
11852786X
133573400
100940269
135904986
139399216
128518162
104074809
129306401
136552110
11870317X
118897667
121124835
11943492X
121465500
121996204
118537954
131768719
118535714
100957048
130302414
118717693
131768603
100943365
118541846
136969143
118895656
118979248
140071709
137525567
123709660
137525710
104351713
118548298
118666509
12290169X
135950120
124541496
12112293X
137326068
120732890
102500142
119078589
129033162
136302270
118501836
118971271
118885405
118861875
1012737071
118712683
115772316
136020631
121037398
116161736
118575260
123011884
129199494
128980109
1030399077
119254883
118731718
137111916
140677348
118634917
100963838
138793476
118738712
138257434
118588567
11902568X
123676983
131547348
137972792
118742175
100958427
135973937
137976194
118712306
119515016
138966141
119476525
118798707
121967204
138018383
118625284
118803549
118598910
118772007
118634909
139836039
124210651
11865554X
13590501X
118550993
118627120
100936296
173346103
13845972X
118588044
118746928
189532211
136742238
118617737
101079877
10238696X
118960563
118503804
100290132
118890298
118701215
118544373
136089100
118711563
136117562
136325017
118555782
118834509
118500627
140009744
133273199
103118411
11864842X
119170949
11863772X
118654179
100937594
13566733X
119422352
119499622
118518453
118714910
123576733
118638459
118565222
13860049X
137260997
100941362
102374090
102500681
133613275
135734487
120847930
118537350
136975542
118696726
102571619
137446934
1016949456
137448074
143884948
118529722
137526253
100946283
120175118
100952313
118640119
1018352627
100946100
137947186
118980084
139713255
100946313
118775243
102518122
137950950
118565109
118731726
1022360906
14396111X
118594095
118593943
118702548
100386970
139116869
118744216
144046881
118641972
118601040
11860211X
118791478
143998560
118964593
103086218
118797085
138794634
138421374
135683637
13746620X
138016666
133606228
118656473
102441421
118628550
1019470607
118516345
118529560
100940633
102562938
118590669
118629034
141795263
136420796
14396156X
189443383
117027022
1047455005
119209314
135941113
189440503
118688456
18954600X
115833463
159140455
118785478
104303751
11873475X
118736590
119067323
129026549
189412054
119049058
118632892
118709755
121774694
119108372
136457002
136263569
118590774
137957548
118503278
118731270
120117169
104356170
100937632
11866607X
11852979X
122830644
118535986
137085168
12945236X
118710117
118688529
123677017
119013797
118712616
118693514
118601563
103147209
100700233
104238410
116294396
101059434
118879251
122479998
11953634X
136009727
120677563
131768093
123676959
118709666
131768891
133875938
131771817
123185793
118812343
140857974
11949356X
13770769X
122721551
100008143
119511339
104270268
122479971
118956957
118911759
118042114
116500778
118646850
118880632
137967756
119064456
131770934
11700846X
119064324
123164664
118633562
1024687295
119473569
118600885
118510665
122215516
140012052
121463435
131850490
123430062
137312903
118699334
100167179
118738755
135902614
118687425
11878742X
131817302
139585435
118744658
11929771X
118636111
119837692
118502573
118645897
119366444
117070335
119012855
101229076X
133459829
118676148
135734584
133631982
1025719379
118534947
119244829
118700014
133606058
101037155
133802388
124912974
120912740
100973698
119073129
100946305
134290100
102375526
173225306
118609459
118609440
137133030
123195039
120128713
118596551
138233160
118516507
100273920
1012364860
118622110
122581792
129754129
118806602
10241811X
118772384
118686704
118883976
119284863
115502572
100013376
11892883X
118661809
118666843
119026724
118676679
118996193
11980235X
100555381
116642440
140264531
133251608
135974445
130390666
143920006
115599959
119552167
119486881
118536486
117361747
100965024
1013140605
1037515986
104175265
116179252
117172839
118542087
119265850
119485451
119640619
119747162
120631105
123616972
132604280
13840559X
173175732
118521985
118524542
11542931X
120580497
117437441
131850334
101052677
12465133X
118510029
118716905
124704050
118548166
128606843
118775006
118628615
100031900
119214644
118557556
118731076
129898082
11857342X
118729640
102111553
118807935
118938363
11856059X
119120712
118868381
124585183
119272334
1044241225
120438852
130540854
11878577X
118576658
118579703
12304863X
143033220
118789899
11609432X
123164729
1033658812
124343775
116133139
123304784
119679744
119518813
124799345
118764942
117452149
11801563X
122479963
118768077
141179635
1034901273
119661438
119111349
118644343
128596619
115518207
130253162
136019102
104333197
11850522X
128869828
122758897
13591292X
119661756
135913047
122370554
12930963X
136170153
118684329
134290429
100233619
100029752
139535322
133802752
102111588
102574472
1013085426
118670077
119441721
118782908
118820125
104160322
103130012
121349217
128994401
116130393
12939159X
104089512
11873069X
136729193
11907981X
138457433
137785410
138038333
118814230
13620161X
118614215
13795462X
118500503
133534138
104183225
129864374
138458286
1033723312
142734349
14273425X
103920552
124868878
11653334X
135958350
1044188790
118769197
119799618
100939236
118617761
13618376X
13736251X
118647911
123345731
118701932
118501925
116288434
119189712
118649027
122932528
118501763
118512722
118712179
118676040
133042448
119218968
118712381
118681249
118590375
122097998
1112624988
119319217
137409737
118658549
133250660
118519018
12399876X
118676059
117195499
118680749
137409575
14057736X
137409702
131786679
118574876
100942776
138612854
129880019
138743800
120063239
137946635
118883151
118632922
118780751
11858412X
100935958
139210733
119433400
133664473
104163763
136184715
139399380
120032430
137529937
135671701
120079909
119028921
139632905
1021038245
Keine GND 23.04.2015
100966845
139551972
128995599
118535706
132972433
141198303
118531735
117737437
143773550
128985976
100964893
138434042
124642454
100945716
124859801
136223753
10037381X
11877624X
142557560
119244071
100948545
119695812
119861429
10427817X
118560425
119392895
100938132
137952643
119874571
137090684
10424187X
119071665
118656589
1027073689
121349098
123502721
138619476
138621497
139885609
138265232
118634453
101272243
119814277
1019727187
116598360
118649361
118796380
118880659
1037517725
128597763
123285852
118513915
136195881
100979440
118928988
11889658X
123932149
118958461
118956507
1037509986
1019731435
123325749
100129587
121476375
1037541782
128741325
119258862
121117103
121139107
123891116
118927426
132204614
119223740
129577766
11885500X
123380464
1053450915
118886770
119332671
128749997
120532611
118868950
11857616X
132446707
101509758
100307671
1048113361
118977601
119369826
118905082
102440174
123218926
119475979
129863858
129900184
102117470
117415871
118909509
121998665
121357643
139106987
123158656
123338093
118619705
124668445
124577431
123887569
118900420
100730272
12498780X
118800310
132929503
137305842
137305435
130266019
1054369658
118720856
118982508
118693522
101718142X
138775249
118803085
138772444
118778552
135950163
118647717
116739355
116821523
12341265X
118727664
11853565X
13692039X
101237189
118560182
129476676
143096389
1024977935
118556045
120458705
118064835
104107448
122080963
104352558
118884352
102119538
118963287
118822748
120866153
118810553
129674850
119142511
118571249
135987660
124014364
101599056
128964421
118907425
115593772
118712497
118837265
122180488
116972815
119338882
118774816
1034185284
100378374
118520709
122941845
120212897
118858580
104236752
102104387
11883794X
138367310
1038025702
100265901
139611045
118530887
102305617
104282193
131568949
122899482
118794396
119514907
120551780
119298600
121882128
122461282
123729467
118593870
11861598X
118752103
132884402
118617672
117407186
115540040
118763504
118500562
118851225
118627538
102441529
118767240
118628755
119177269
124497934
124664180
13852808X
13852825X
18942110X
171935284
139094962
117639001
118985760
140383808
118577905
135949106
10212809X
118928848
121115844
1018531610
13154263X
11932847X
100936032
120564807
118805959
118506668
1034906267
130535184
118799452
137798059
118971301
141238585
100089003
1017854548
1017854580
116175222
119458446
118518429
136648320
122721004
142734624
174159714
135953138
102425604
13623139X
130509264
118549693
118665642
172890462
129414085
135952727
116118628
189548525
17333587X
104226854
119359111
13765023X
1059225727
105925123X
118727486
118647989
174142684
104292210
137957068
140878130
1066896828
138459703
136911323
115796207
139152156
138631212
104349778
124142796
118535781
132700999
118702793
189553383
138459789
136914748
101053495
118632930
13602792X
133574415
137650752
135671280
135671221
137849494
1076187609
139142797
104242957
13567042X
1067070141
1069561851
104196874
11860368X
118991299
118639528
118584588
118584596
119442620
124670571
129126713
119735474
118842897
118579029
10314725X
118548336
121735214
100962017
136510965
139696253
142589470
104047631
118692968
119063905
1020810351
118746154
1050562135
102571872
13686337X
13697256X
130387975
143485172
118682946
139141103
118576879
119813785
104083565
119544881
118509144
139048200
136602487
13173928X
118666339
119304309
14213192X
120435241
136068499
139544488
1033653780
189554061
136844243
123910277
118509829
13731759X
116371250
116941715
117443786
136851002
136070043
137959710
137949839
104356707
118750127
137665660
104140623
139485287
120812843
172878128
104337478
119609630
1027542840
118662554
118751972
13914370X
120929082
118769189
132465493
100940528
102512558
133851001
138056579
118805967
133825256
118719777
118734903
1013117948
100943616
11930466X
10096141X
118718681
138771529
118549707
123676797
137946554
138771421
118501070
121052893
118716921
143853570
118665170
136177468
100957021
119269953
119072238
139538143
136697704
118710109
100503225
100736416
100935354
10093787X
143695614
100948138
100952089
100955223
100960502
1011953900
1015458416
101490119
102017433
143346741
13873349X
11853596X
118722697
1020450738
115460403
134213173
137086997
138459711
118575341
1018778004
121465497
141183276
118851608
131768735
132374587
13154716X
118971328
104206543
104254998
104338768
115612041
116502193
117346608
11850049X
118517287
118519891
123621003
1015130275
102426848
118743430
102529000
117426709
10310156X
1033724408
117465429
173329543
136816797
1034719165
11882080X
1035134837
1035148617
1038880629
104173114
104275405
10428708X
104356316
111862051
115399755
115739742
115868488
116733799
117068942
118521330
118522582
12006703X
118574906
117439363
117677256
117764310
118502379
118503286
118519468
118520652
118520814
118528696
118528718
118529110
118530550
11853579X
118535846
118538543
11854246X
118548220
118548328
118560212
118560239
118573624
118574930
118574965
118580485
118585533
118590995
118592068
118598449
118632337
118686526
118690442
118636960
118637533
118639927
118640127
118643355
118649175
118656384
118658522
118661450
118662104
118663143
118670182
118674846
118676075
140012176
118680846
118687069
118687867
118697218
10024520X
118710842
118712454
118715100
118716913
118720864
11872861X
118737104
118797166
118718452
118729381
118729411
11873699X
118749536
118752715
118763873
11880099X
118802968
118803417
118807633
11880880X
118817140
118838598
118954199
118956833
118987852
119140659
119536455
124890024
124149715
11887652X
118885383
118885391
118893009
118951106
13641916X
118955152
118968165
118978055
118980203
118983741
118984039
118991175
119063085
119097958
119117304
119170531
119175800
119208814
133621103
119393379
119432072
119485443
11949129X
119496313
119530767
119532441
119536447
120037912
120139367
120532549
121924548
121967220
122030915
123579783
123586771
123662427
123676770
12437347X
124839169
124855946
128347708
12858114X
128632984
128644796
12896359X
129007943
129070750
129104973
129597813
129846023
122104978
129981117
130029963
130275220
130894540
132045281
13593169X
131391518
131456709
131768689
131768824
131771663
13177199X
131773062
131816977
131817965
131818058
132210843
132804298
132969548
133272605
133280179
133573532
133631400
133651274
133960285
134289560
134291077
135667585
135668247
103493872X
1034910108
135738261
135668344
135669154
135669944
135725259
135734541
135785553
118558013
118560069
11852870X
135949408
135952816
135958814
136005020
136731686
1041692242
13614005X
136148778
136159168
136202268
136421024
136828868
137510713
138733422
136278825
136409881
136418902
136418988
136574750
136635865
136420818
136456529
136421172
138461236
11863335X
136678149
137161417
138461252
138785910
13887073X
139144072
124665349
136582990
135668816
136648150
136648819
118703692
135646626
118604198
136772013
136788556
136844774
136849067
136876471
137083963
137260598
137312350
137326173
137415451
137399189
137525370
142592870
137951795
140080554
138407630
139310681
13765359X
137649568
137656890
13769783X
137954387
137976151
136817165
138039429
138243875
138302294
138353026
138619433
137412711
139112456
139144919
139145362
139225919
139484752
140006877
173330525
143324667
143462938
143845063
14398487X
171993438
117681660
180594621
189415231
143998498
118633937
104056428
119536420
100127509
130534994
119238683
173353991
119657015
12113900X
14225357X
118829157
121506533
118727265
139150129
118807374
136844669
139407448
137956061
137531516
136986994
129033480
136148484
137951493
136418473
118597922
1058562487
122792734
13736301X
1035169959
1035169940
1021206849
1035159643
1034667696
1033522643
1019740531
1014244579
118751875
119791722
129823457
118957708
137409672
140577998
118958097
118637665
124543979
10093921X
100964397
119221268
116562714
139529063
119539543
1034711121
1027556035
1034700332
139144250
119536609
136708943
1035169002
11870902X
1034734040
1034737880
13766527X
118553941
129821780
1034701711
143957341
1033723398
136196160
120825880
102181780
142663948
103482435X
118646834
174161646
1036442438
1033724157
1034721496
1034711059
138244677
116958820
119510030
138744041
1017696217
104070072
1017854742
13824474X
119510049
137432119
139112197
139143645
118900943
116003081
116512075
120170779
137963238
137937792
122155742
140744975
120996359
118533495
1055620109
116941960
140782125
140743960
13861928X
140744924
1034854984
100945856
137563582
132073706
137080611
100541275
140742859
100811833
129038393
12914942X
140775684
119392968
115524991
121678563
139363599
116387726
118818686
119385066
100132464
13901831X
13922565X
1042730490
117193550
118758896
137275706
132292378
120079690
140067744
100995810
1074119363
121722058
122179250
143805045
137327234
123583861
118635298
100964338
118501100
1051150655
124651380
118518410
119026910
1051172314
119071118
100251455
133929426
119520494
118951203
128996811
118782444
102518882
128841915
118904205
1033717843
117306452
13593088X
139103996
129958468
119212064
116275235
116294086
11629633X
118847317
189547286
136276636
118649450
135746078
119075962
133251683
1019445181
142424196
101002262
1055528725
118507621
124869785
116097426
118855263
118508121
1013725697
117699683
118662562
1012176924
1060332736
1052803903
141966084
1053392028
116237309
10015056X
1090113595
118659871
123163854
104380217
142609587
118939483
1089404794
119475839
13802278X
174304366
129017906
118810812
142962449
122227050
123714249
118832328
119045850
118678418
132420627
118905171
129822280
121405109
116182857
129101990
135705398
118905120
1051948495
124471897
12486130X
123771137
101031424
124583466
12274344X
135962773
11949812X
104104279
118954768
116381779
121115712
1024759040
11886176X
131582461
122222954
119196573
101956640X
121075958
1070489778
123168392
123195551
118535390
118535803
118535641
107276184X
100168337
118689487
118958429
104355964
1037575245
133662748
121786927
136049346
121384403
118961160
126443688
13613534X
122567404
129602582
133922138
116934719
102531153
121792412
116391839
129895040
121176703
136234364
137126271
128770244
122813871
11870978X
123164443
124813089
118824759
124318401
103761195
100166555
118550950
1016129106
132590549
12161686X
121474968
101240577X
12332565X
116977213
11700958X
1055321462
140656448
123113695
141523980
1077079400
121166570
121731308
123158621
124778666
173326579
1071577824
100364993
119024284
116125497
118560166
118560565
133862399
118723464
136068146
100178030
1016726643
120170698
137058179
122190270
128617098
121463222
115390278
118726285
119418428
132815435
142707759
1048598470
136140904
137868944
11952452X
118905139
123481708
117667919
132742616
116762586
124976727
1080647899
11888039X
102318638
129611050
101053061
118582313
118783998
118928937
118905155
124372430
118587668
124387497
123612810
105135286X
119272229
143606395
12207811X
157141187
107224635X
1089593791
119012073
11936090X
1020202300
118928929
1023119854
1055705074
1024116751
122372972
1053504551
136649467
142504688
120616041
1020799404
118598783
1092575510
104220767
119305828
118601334
136857086
116608382
118905163
119475847
1089093233
119477386
118754297
118047388
124651267
119056151
135917557
157139794
12884888X
1029213739
136851401
123771102
1011737221
100401139
117367788
119154056
122331966
120713039
119472120
124576915
128667478
119473690
120054493
138436126
119006855
118852027
177443618
124055389
117486787
117652199
117195464
117195510
1081678852
130475475
130518476
172942365
131968963
124859836
142448737
110451723X
119421259
1017473560
1018367276
1018367284
118905147
1021405051
117255726
120737752
118622390
122795733
101105592
157118681
128963832
128962771
1074536851
12275297X
100673430
13061744X
137703856
123491487
117368490
117368628
118768263
117449091
122876342
132834057
11877073X
120540177
121067262
118766651
1018367292
1027251722
129270172
129270253
131822632
117339679
137921918
118632914
102285977
118633112
101076983
108998886
119475898
135830230
131383337
119273950
124086675
118648861
128932805
115664823
118819712
118503618
173328938
1051200695
137305915
118508903
102519331
138070644
10257152X
102412324
119870274
100936768
137496303
100952305
102417997
118501852
118597035
118719785
118803522
119527499
12084074X
129075442
133851060
135668565
136029868
136456383
122285913
10406286X
118687433
118842862
129306827
136027881
140744983
102474680
116162139
118581090
118536028
139039430
118631284
118632868
118642766
119538644
124987885
13614943X
13687570X
136919375
123984890
118715011
118608533
11955562X
118569945
137983689
130156612
117033391
118690752
137363575
120037238
118714082
129044342
100706991
102501297
139552758
119559552
1020457945
10014263X
101236478X
102486121X
115649735
116182423
117073873
118013289
118505084
118524801
118535730
118535978
118541862
118553364
102473374
118692984
118717014
118729187
118765671
118771051
118777335
118787314
118798561
118820613
118911740
118911767
118956841
11895685X
118971255
118971298
118661183
118677853
11897758X
118971336
118979272
118976788
119237512
119442647
11949213X
119526239
119510871
120697203
120913755
128405198
128886021
130224014
13256940X
135902711
137111878
118854356
118742213
118861840
173250963
13712497X
100055095
1020903228
122230159
124223443
13600976X
137311699
13911422X
13344399X
118849506
104174455
119113007
123162823
118655159
118907255
118837036
121478157
119688875
13567204X
1014256402
1021382027
118610066
118909525
118958410
121129292
116078634
10016160X
123216036
118927434
138979995
118674749
100118747
115482431
116830425
120709023
118675958
124807534
118984152
116678798
120678411
115865497
119523159
137838115
121110559
118737074
118720953
119549999
118656368
1013248848
116860383
116863781
129855944
1082577723
117416487
100636209
1020248440
11864159X
120166089
121538443
11686639X
136123341
132164426
11888042X
133248836
121116964
133522490
1012209105
124765491
137307454
137305362
11869295X
140655492
140656235
122064038
1071001663
124644023
102424365
119061899
100952429
139910964
1020677430
118519956
135951437
1051177022
118549731
118593951
118605941
11871869X
118797158
118798170
118990217
119232111
123797039
130059927
136456669
137260342
139063692
123676916
118866109
119369303
129147753
131533401
118712373
118844296
118654942
118607936
11861438X
118782215
14074259X
18941149X
137421192
135670845
135901278
131817698
100951945
13629264X
13385096X
1072300869
139934928
102516103
118594605
136871135
118504363
118752898
119371286
122724194
118695630
138460744
138734895
100655378
138740852
11878014X
124528791
129822752
118537288
13874369X
118880292
1020091118
102030081
102507600
116678909
118505076
118515128
11852853X
135646995
118905090
118558714
118632965
118683519
118690434
11872939X
118651099
118709887
118738739
118842676
131820923
119024918
119098652
119135574
140832165
119486849
119144107
119398613
122779231
132711834
137066619
119137356
119431386
120754975
136818439
129432466
132254948
133802515
133802701
136201474
136201504
137316550
137318642
137951566
13795252X
137976259
138740240
139081585
142734691
103105158
118503472
143996673
189427450
122184831
1019761954
118762737
119727439
1028666470
122027248
129734608
103141693
1018386130
118505211
119030039
121057623
131526901
173285252
131773232
139735224
123621089
120913801
129021709
118955802
129023205
131785796
129306053
136976743
116654813
14215749X
1037509978
100123910
118965220
13088829X
100834604
1011231956
118555308
118560050
118828363
124247180
118723049
118965387
119334461
137354355
137715900
173222714
139063331
129595934
122035143
173333494
118713906
11856806X
118535684
1080264892
118729500
123325633
137093799
1055198792
119371588
118587269
118967754
119368757
100226965
100220851
100227651
117703575
136816428
118977695
118962329
119475936
118617273
100269761
1029300666
116767685
116801298
117103950
118610074
119476231
119476533
130519758
136851398
138413525
118545906
101976600X
139929797
119128330
122052919
118820788
118634771
129271241
123173507
118828371
11857776X
137400799
104091061
118512234
1029512566
1027545653
102834652
100229506
102422249
118637673
118839381
123779952
13645755X
138733597
122098919
136818692
137964501
130494844
128689900
11917894X
136449522
189425008
118574914
100223354
100837360
118516493
122883268
143067338
138794804
136816703
118798316
137969023
1015335543
102434178X
118697439
118590987
118837079
131649035
133682668
133809668
141057815
100123511
101512853X
1020283351
102427216
10242716X
10307886X
118791877
116151439
119444453
118574884
119301792
118883542
119340542
139112324
143906526
189547634
1051506875
118501615
118720937
13795624X
118729152
119546477
118644157
189428449
13861475X
124839754
101976466X
1107785820
143090453
118510703
11859382X
119207826
128963816
118807331
118771175
102500444
107218835X
11883939X
122697987
133688445
136829791
130250899
1081668466
10030981X
102778264
128653426
130875791
137663307
119601354
10251786X
136184278
118645781
12932521X
129372870
100937225
123705525
129786829
118655825
137339011
11851217X
106092417X
102413053
116747749
135881978
140607439
132281880
11625033X
136707661
118691449
100941990
118538292
11656587X
118858726
129846031
118902601
138742618
1112209514
118977954
1032255633
142414875
120955628
118548204
136720811
133802310
137945183
118548212
13766110X
118855484
118855492
100162495
122062043
137951396
137951434
116002182
136311385
136311601
116729406
142538949
123987296
102512108
118730983
139107088
11858314X
100218199
118738615
118735632
118590790
124074960
119105144
1112234675
141804424
137974795
119463652
11859964X
1067530908
103115188
139132767
136784267
139579095
1069693502
11708882X
136863256
141731206
1081303158
1029801983
118807315
118719351
11871919X
124262759
102530262
118969137
129303593
117393231
12113864X
118647709
129784265
118649213
118665774
143029002
116710012
157287092
116026103
105616333X
118506137
122187806
109134117
132227940
133275140
106786007X
120734435
118727834
116123907
116099518
11612363X
137645104
116198109
121410005
141293187
102053298X
1017102279
119139952
116487690
119264536
1020819995
118523457
136913458
116028203
1073656233
118678647
124402542
124615074
119036037
100279287
13014889X
129303763
129303682
118694170
13602114X
130588423
116450274
121621766
1018479295
10048946X
117701467
133227081
124756387
118549626
1015705278
100984886
120912031
124422047
12869713X
122162528
118956795
128400013
118564420
104241721
120291371
105297516X
107049979X
116947152
13796644X
136668690
116979402
1089916116
119393239
121633683
100038689
1011746492
118846787
1017217963
118581465
123195705
119488930
137839146
129303984
101313687X
129303690
124783449
173291937
118501399
1051152356
105790936X
17333864X
137316844
137343515
173334466
173445470
17415058X
143210912
1051175925
100940315
173346006
1018263039
118538616
118984276
100965156
136414559
172862612
100949274
1051179866
172930146
118764543
102322694
118578278
118828851
1051152410
118596624
118788302
118601474
1089821220
1051152704
118532502
118781871
11859334X
118556401
119357755
118535749
174152701
119550016
118925059
118579371
100121381
101026641
104224266
100659373
118838113
117319260
11864436X
11564976X
118548301
118730606
118713876
118826816
1051150728
11851282X
118603426
116751878
118640194
118640003
137651392
118598996
118632213
118649566
12155743X
11948529X
118648667
124346715
189505680
117360708
103078886
115886974
118776266
119182998
11871256X
173311180
104213884
118555669
118555650
118555642
118686151
102417954
121191486
134053362
11871077X
123889413
102837422
118792423
118797476
100936040
118625578
118803514
119180413
118631764
103115145
118792415
118594702
11923212X
116880880
100712371
118647555
118647776
11854019X
118593234
1069587389
100951902
137631510
100442234
139083464
118616226
13830551X
118052640
1051215102
138419280
102466505
118503235
1030244820
1051188288
118707957
119025817
104352574
116744324
118531328
118682601
118780514
116207019
100935540
118593862
119130025
100314260
118739530
124720501
13564674X
118636677
102423636
104086491
100364853
118560190
118712411
136959105
102359121
10030673X
118501844
118647989
119539780
118655434
100586376
119139162
123610311
118634224
100100465
118734911
118594710
100085725
119215152
116710454
103078711
118544365
118697404
118697390
118541889
118541870
118697382
118718665
118541838
119022524
118723510
118563114
11922030X
118661469
118513257
121396754
118655426
135803462
136169783
118640208
104150629
119288249
131497189
10422424X
11857938X
100673783
118553453
110092236
101008090
118801414
102040109
118754211
128722711
118625586
1023535424
172299691
135905877
120335190
11853033X
118707973
10094891X
118637606
118713183
118720961
118806262
11909990X
119504979
119552388
173168426
118575449
11850245X
1051190754
100035485
118637525
12219392X
118679651
100937675
118502026
118513176
118553437
118557904
118600354
11869412X
118723529
118883690
129032824
13566893X
120912651
1019738472
135943701
137798318
141633727
116478217
137537980
118523287
103109986
118646974
118526715
118650440
118668277
118674730
11904059X
119159589
119175223
118535757
118535765
118535773
118540238
118557866
118690655
118692925
135734665
136602630
137260687
138011672
139399240
141730668
139643753
173449026
128994088
118544357
100962068
104104937
104174552
118505092
11850617X
118509810
118560093
118518283
118525530
118534971
118543733
118548255
118548263
118548271
11854828X
11854831X
118554611
118529927
118545086
118550896
118557769
118560034
118560085
118565079
118565087
118574515
118574957
118579401
118579428
118580248
118590251
118590758
118590766
118594540
11860371X
118604872
118614053
118614185
118630938
118631349
118634887
118642928
11869362X
118703005
118713892
118723502
118725866
118735659
118738747
118750410
118776746
118776797
118797891
118816829
118817736
119162547
121537420
118928872
11921587X
119400839
1034733370
118542451
11944755X
12388957X
133673995
118747118
120189348
122363965
133802183
13630236X
136418287
136857388
189531762
138081964
138100772
142409553
1021038628
104280050
1074215257
136033881
100962106
100955835
1021048364
104238445
104356332
118052632
118549618
118551280
118553909
118579398
118590782
118633384
118647601
118713930
118725424
119273187
12066898X
120912619
124651399
128868619
13411714X
135950295
138041644
140141103
139579133
138114358
136197590
136302297
137324529
137324847
135962749
139310819
139485724
119268299
1051152518
1034695525
104078014
104119594
116141921
116174978
118543768
118550535
118554697
118555928
118661957
122498348
118557912
118560026
118557882
118578286
118584138
118583794
118588095
11859186X
118622102
118639404
118640437
118642960
118711555
11871239X
118714090
118716891
17415349X
116660317
118583670
118727494
118647768
118757083
118780921
11878627X
118787756
118807188
118807366
118817817
118924710
118955314
11901954X
119066548
119140225
119263580
119333678
128416904
132590220
133801772
136025919
136659330
137326998
137526725
137957475
138063532
138461120
138619212
139112251
138740135
138781559
119110954
136846629
118595857
11864162X
174325223
118692593
103153667
119221292
13685026X
118720910
118560158
116234679
118701533
136816622
10211790X
118543229
1030492891
1073976165
118647571
1016530463
115386963
118637649
118644327
189407972
121822036
118653032
102157774
115773371
116014202
100952135
104237473
118640658
118729462
102555427
116752572
117007242
118064479
118508636
118518836
118532510
118532529
118532537
118534955
118534963
118593854
118686755
118686763
11882077X
118880349
118882945
118971344
119070758
119105691
119344831
12009150X
120100045
120193264
120912147
136926738
140067167
142137529
172307333
118863746
123168406
124104428
136917690
138734186
143210777
1035151812
119511266
10251206X
104108096
1051150744
136721273
136993974
137362595
140852085
135905885
118565184
101086245
1018528644
1024203778
104154950
104366869
1072300796
107641480X
116231203
116579625
116867612
116876433
116994681
117384224
117654108
118548468
118549286
118555049
118555677
118558390
118558404
118560107
118560115
118561448
118571869
118571877
118577867
118579355
11857941X
118579436
118586408
118588214
118597973
118610058
118631853
118634380
118634895
118703234
118710788
118711547
118712365
118712403
118719807
118721313
118729748
11873931X
118557831
118742221
118754122
118767887
118771841
118771868
118774824
118775553
118784811
118792431
118818252
118838415
118888536
118893289
118920758
11897131X
118977636
119204940
119229625
119265737
119468220
12018544X
121734862
122909275
124630480
124984495
12930509X
131762583
132958392
136224067
136968503
172890489
122189558
137278055
143842927
118603701
118613898
118614983
118681273
118807358
13874999X
118647733
119169657
136418686
13732586X
137411405
140735216
136418570
115726187
136972357
14039138X
1035173980
1034919954
1034919962
1034919970
