#FORMAT: BEACON
#PREFIX: http://d-nb.info/gnd/
#TARGET: http://www.lagis-hessen.de/pnd/{ID}
#VERSION: 0.1
#FEED: http://www.lagis-hessen.de/gnd.txt
#CONTACT: Stefan Aumann <aumann@staff.uni-marburg.de>
#INSTITUTION: Hessisches Landesamt fuer geschichtliche Landeskunde
#NAME: Hessische Biografie
#TIMESTAMP: 2017-02-08T00:17:43+01:00

100009360
100017177
100026109
100038786
100049303
100057209
100065252
100065562
100069924
100075657
100091105
100093671
10010701X
100108105
100119646
100121039
100122590
100130186
100132170
10014831X
100153003
100160883
100165346
100174957
100191908
10019561X
100196047
100197000
100197035
100205003
100211763
100254144
100254861
100274315
100279317
100295886
100300731
100303145
100303218
100307671
100310281
100310435
100312896
100329446
10033072X
100333117
100335101
100338070
100347681
100358918
100374794
100383610
100383661
100383688
100416284
100434452
100446051
100455840
100492339
10049773X
100513905
100532535
100533701
100533787
10053595X
100557554
100582656
100608957
100610293
100655637
100675735
100683983
100692478
100697895
100705871
100722946
100733417
100744869
100750389
100753329
100758541
100799957
100802788
100809766
100823149
100828922
100868088
100868258
100868878
100869734
100872921
100912443
10095135X
100971997
101045190
101052677
101052871
101102887
101102917
101117132
1011211904
10112760X
1011305321
1011505363
1011572850
1011643847
1011691027
101185200
101187645
101189478
101192525
1011927209
1012180921
1012182215
1012272923
101227537X
1012279839
1012282236
1012294498
101231261
101234449
1012356809
101235798
1012374300
1012393879
1012415252
101248571
101251327
1012548104
1012576159
1012794733
1012808513
1012842924
101304854
1013095839
1013197062
1013254899
101334680
101335740X
1013380932
101339542
1013482425
101355513
1013575601
1013791460
1013834011
101383460
1013858697
1013893069
1013979001
101402023
1014062659
1014131383
1014145066
101421796
101423004
101423551
1014260612
1014267498
101430396
101441924
1014430127
1014479460
1014609224
101508727
101508964
101514700
101517858
101521707
1015325386
1015325513
1015382975
1015407277
1015409873
1015439756
101551320
1015516955
1015554822
1015610269
101568534X
1016264550
1016270526
1016619081
1016656971
1016707789
1016798547
1016868014
1016898088
1016952295
101714262
101717318
1017219621
101734093
1017345724
1017400636
101764308
1017766991
1017831882
1017875480
1017941475
1018107134
1018218815
1018302824
101841973
1018552766
1018724060
1018797831
101882328X
1018823352
1018860002
1018922164
101893108
1019175486
1019299061
1019360615
101968183
1019685034
101972935X
1019730447
1019739754
1019755687
1019766379
1019770961
1019960701
1020104309
102012687
102012717
1020155299
102035229
102038015
102043418
1020586028
1020625813
1020750596
1020750960
1020762632
1020853964
102106629X
102109192
1021093297
102110913
1021186619
1021191507
102119538
102119635
102119651
102119686
102132647X
1021332070
1021382035
102143277
102158185
102179026
102182213
1021985295
102199175
1022089129
102223262
1022412663
102249676X
102265089
1022832743
1023030276
1023068109
1023073366
102308330
1023105284
1023146347
1023185881
102321973
102324115
10232672X
1023278715
1023309920
1023409976
1023460874
1023462672
1023466228
1023466414
1023474069
1023556820
102359121
1023610310
1023619636
1023688638
102369221X
1023696983
1023737558
1023751313
1023786583
1023898349
1023942453
1024012549
1024095363
102413711
1024147614
1024170608
1024182215
1024219291
102423091
102440076X
1024402096
102441294
102443379X
1024484181
102451109
102454795
1024589412
102462135
1024640787
1024681556
102471398
1024781216
1024837874
102486118X
1024877736
1024911446
1024912019
1025030435
1025033094
102504822
102505918
102507419X
102512558
102519781
1025209524
102530750
102531153
102532842
102535310
1025354788
102538786
102542279
1025434528
1025442598
1025447298
1025449185
102547394
10254817X
1025488997
102549885
1025498860
1025521048
1025574907
1025588509
1025664639
1025783190
1025831055
1025862570
1025882342
1025912446
1025954092
1026029708
1026065089
1026073618
1026090342
1026094607
1026094917
1026095336
1026096278
102614156
102619220
102621497
1026239974
1026260914
1026275237
1026276950
1026278023
102628998
102633126
1026354943
1026545870
1026655528
102674797X
1026873312
102694672
1026953863
102696438
102711445
1027147852
1027324991
1027332501
102741513X
1027552773
1027556035
1027565476
1027649130
102767058X
1027730485
1027749348
1027776558
1027785328
1028109059
1028171080
1028270747
102830215
1028359969
102837422
1028378548
1028402406
1028604572
1028643063
102878564X
10288756X
1028997884
102904987
1029052743
1029095175
1029251304
102949553X
1029669201
1029739730
102974446
1029748594
1029761108
1029771189
1029994439
1030019932
1030067759
1030115761
1030280878
1030304289
103038787
1030486190
1030506094
1030535876
1030548188
1030548390
1030549605
1030550344
1030551235
1030552088
1030552509
103055627X
1030558833
1030559325
103055966X
1030559902
103056115X
1030561672
1030562687
1030562881
1030563306
103056342X
1030564469
103056564
1030577218
103057801X
1030578893
1030579520
1030605556
1030605947
103060729X
1030609616
103063625
103078967
103092722
103105158
1031092072
1031092560
1031093974
1031094792
1031095993
1031107762
1031109498
1031109935
1031111816
1031111999
1031115749
1031116311
1031116648
1031117466
1031117768
103114025
103116745
1031176276
103118438
1031230254
103123512
1031248919
1031249745
1031250190
1031250743
1031314857
103145281
1031523529
1031546774
1031690093
1031724923
1031732209
1031764992
1031766928
1031768335
1031800360
1031834095
1031899839
1031903755
1031905545
1031906118
103190722X
103190767X
1031908072
1031908412
1031908706
1031918337
1031920390
1031921346
1031921699
1031926445
1031928278
1031933476
1031934138
1031934502
1031934820
1031936017
1031936289
1031937080
1031937838
1031938281
103193913X
1031939520
1031940928
1031941746
1031945997
1031962115
1031970517
1032096276
1032163046
1032164824
1032166118
1032192003
1032193883
1032195673
1032199792
103220155X
103220382X
1032204478
1032210648
1032210885
1032211687
1032212519
1032213361
1032214058
1032214619
1032215100
1032215356
1032215674
1032215836
1032219920
1032260769
1032262524
1032262907
1032263458
103226389X
1032263989
1032264101
1032264446
1032265124
103226537X
1032265728
1032266406
1032295953
1032297506
1032299495
1032302054
1032304235
1032305754
1032335963
1032336412
1032340746
1032341823
1032344261
1032345411
103234637X
103240938X
1032411058
1032411511
1032411619
1032412127
103241670X
1032576413
1032660295
1032660570
1032721634
1032721960
1032722487
1032778989
103278461X
1032785284
103278542X
1032869283
1032871989
1032881577
1032911816
1032912146
1032912278
1032963093
1032963417
1032963557
1032963883
1033362255
1033364126
1033364495
1033418048
1033435074
1033464805
1033466506
1033467561
1033515523
1033516244
1033545813
1033549681
1033550396
1033551449
1033552313
103360254X
1033603031
1033648132
1033648582
103364871X
1033697168
103376535X
1033766402
1033766445
1033798908
1033799912
103384585X
1033846031
103384649X
1033901652
1034043552
1034050346
103405063X
1034051202
1034087495
103414555X
1034145886
1034145940
1034147161
1034235435
1034262432
1034268775
1034268864
1034269275
1034269410
1034293095
1034311115
1034363476
1034365150
1034404156
1034488295
1034539558
1034658417
1034676369
1034703684
103470981X
1034716794
1034728482
1035014165
1035014475
103501890X
1035021021
1035021269
1035123576
103512405X
1035168928
103565864X
1035714752
103615114X
1036231399
1036289125
1036417719
1036418839
103641910X
1036419312
1036420086
1036426750
1036461181
1036506525
1036506711
1036507483
1036526836
1036551660
1036552322
1036552950
1036553620
1036553868
1036604551
103665267X
1036670554
1036678857
1036693864
103671120X
103673983X
1036784916
1036987574
103698835X
103703547X
1037081099
1037081471
103708280X
1037083245
1037091914
1037118324
103711857X
1037118715
1037118774
1037118847
1037147766
1037313348
1037314417
1037314875
1037315111
103731526X
103733289X
1037440986
103750674X
1037511263
1037562305
1037576365
103764488
1037694120
103769449X
1037695941
1037708229
103772596
1038236711
1038279542
1038442338
1038879086
103899154
103928898
103983783
104040068
104047038
104047658
104048336
104055642
104060506
104063270
104063769
104066393
104067063
10406742X
104069139
104069236
104070331
104070382
104072687
104074426
10408071X
104092122
104093412
104095857
104097809
104099518
104102772
104104139
104105100
104117524
104121599
1041226136
1041258968
1041268572
1041269374
1041269862
1041307020
1041307330
1041307543
1041307691
104133309
1041335261
1041336322
104137320
104137339
104144661
104147873
104150084
104150955
1041522452
1041522975
1041523173
1041523335
1041523610
104155760
104158506
1041587295
1041587589
1041614284
1041630360
1041630603
1041650817
104165367
10416977X
1041721617
1041721862
1041722028
104173300
104173815
104175621
1041762674
1041787413
1041789408
1041789696
104182016
104183837
1041851502
104186127
104189509
104189525
104189924
104193441
10419345X
104194529
104194553
104194618
104196548
104196866
104197943
104201282
104207477
104209240
1042125872
1042200211
104224886
1042287937
1042301999
104239530
1042416680
104242523
1042454728
104245504X
1042455384
104248491
1042513007
1042513163
1042513392
1042513546
104251794
104252421
1042536848
10425582X
104259825
104261684
1042619522
1042619646
1042620008
104264519
1042646546
104265736
104266546
1042669163
1042669538
1042670773
1042670943
104267177X
104267879
104268301
104272406
104273383X
104273836
104274654
104276894
104276908
104276932
104277025
104278447
1042786291
104278676
10427882X
104279648
104279907
104280883
104286148
104286563
104287543
104288949
104290331X
1042951454
104295147
1042951969
1042952485
1042956340
10430376X
104305487
104306181
104310588
104317175
104317191
104317531
104317914
104318260
104321164
104323396
104324767
104324775
104326743
104326751
10432676X
104326778
104327135X
1043304061
104333286
104336595
104337451
104338776
104340770
1043461345
104347643
104351721
104351845
104352450
104352558
104357541
104357797
1043591184
104360097
1043654062
104365927
104366230
104366869
104367296
104368721
10437652X
1043835385
1044124377
1044597070
1044647345
1045262579
104544805
104582189
1046246747
1046290509
1046319922
104639202
1046579061
104697008
1046976869
1047022028
1047288605
1047366843
1047507471
1047561689
104789018
104795557
104800666
1048166813
1048420183
1048442519
1048751406
104924608
1049247698
1049266773
1049359291
1049512944
104961481
104965479X
1049767632
1049909844
1049919319
105017515
1050223187
1050401883
1050425200
1050459784
1050521404
1050529537
105094501
1051145325
1051147182
1051152984
1051182328
1051183952
1051203805
1051204380
1051204399
1051204410
1051205352
1051207355
1051214831
10512334X
1051653487
1051818303
1052214517
105234920X
1052495605
1052509002
1052803768
1052805205
1052840752
105290882
1053162340
1053393075
1053459424
1053462514
1053491778
1053524838
1053526784
1053547676
1054016887
105401757
1054235287
1054325081
105491519
1055105875
1055123768
1055137289
1055209417
105523702X
105523925
1055323783
1055345698
1055347658
105536336X
1055384715
1055414924
1055424768
1055426671
1055438343
1055444033
1055444130
1055444181
1055446133
1055463925
1055474781
1055484647
1055487255
1055540598
1055541888
1055702822
1055727337
1055980172
105623377
105731242
1057587338
105776122
1057770396
1058046446
105942901
1060239248
1060275732
1060348527
1061156656
106116120X
1061552543
1061564487
1062012232
1062532902
106356658
106456725
1064592759
1064854095
1064862012
1064888534
1064959091
1065058438
1065411383
1065419422
1065476639
1065820437
106617847X
1066255423
106657917
106660608
106667580
1066896542
1067088342
106713736
1067656804
1067689605
1068039787
1068174110
1068374322
106842447
1068593342
1068649674
1069192279
1069193186
1069193771
106931547
1069357707
1069453587
1069525901
1069807168
1069848050
1069878685
1069969273
106998412
107051931
1070668362
1070826847
107101599
1071061380
1071108727
107163044X
1071654438
1072393026
1072478269
107250144
1072564920
1072863693
107334908X
1073424650
1073439356
1073449394
1073474267
1073478416
1073494241
1073499065
1073501396
1073551563
107361612
1073663051
10737949X
1073836355
1074291123
1074375564
1074528972
107460475
1074674227
1074722965
107485439X
107498235
1075223954
1075324874
107535033
107537893
1075914027
107602016
1076052118
107606933
10762527X
107653338
1077456840
1078071225
1078161089
1078796785
1078797625
1079178287
107936038
1079427155
1079568964
1079602836
1079722343
1079875530
1080001255
1080334408
1080378588
1080843213
1080931929
108113206X
108116425
1081450509
1081461454
1081463805
1081509392
1081644869
1081651482
1081742100
1081778245
1082015946
1082093130
108220935X
1082428264
1082508772
1083030124
1083286633
1083293184
108344754
1083466216
108780783
1088345980
1089274475
1089471963
1089475489
1089505043
1089512104
1089584644
108961451
1089635265
1089819994
1090932324
1090937997
109165500
109176065
1092698620
1092974164
109336925
1094120561
1094705225
109501411
1095113828
1095491377
1095575635
1095577743
1095671332
1095673459
1095686100
1095689339
109569023X
1095691341
1095692135
1095694693
1095696955
1095777467
1095778137
1095779400
1095780204
109579258X
109579339X
1095794124
1095796941
109579759X
109583426
1095907263
1095908561
1095909770
1095912240
1095913573
1095915010
1095915657
109591653X
1095916882
1095917242
1095917617
1095918117
1095918249
1096173824
109617572X
1096176580
1096177110
109617880X
1096179733
1096195461
1096204339
1096207060
1096207613
1096208482
1096209020
1096209519
1096210061
1096228904
1096229323
1096230917
109623162X
1096233339
1096240483
1096243792
1096244330
1096244683
1096245655
1096246112
1096249057
1096252562
109625378X
1096254514
1096255359
1096256703
1096258056
1096336782
1096337762
1096338815
1096339455
1096340240
1096341646
1096342286
1096350084
1096350734
109635134X
1096354705
1096356155
1096356716
1096359936
1096360683
1096361280
1096362775
1096363321
1096364077
1096364530
109636557X
1096365731
1096365987
1096366398
1096366630
1096367173
1096367262
1096480506
1096481421
109648398X
1096487500
1096500868
1096501724
1096503433
1096504774
1096509318
1096512580
109651317X
109651530X
1096517582
1096522977
1096524112
1096525402
1096526840
1096770490
1096771713
1096773082
1096774496
1096775395
1096776693
1096778912
109682776X
109682907X
1096831716
109683927
1096840278
1096843714
1096845431
1096847426
1096848147
1097040658
1097041093
109715887X
1097214923
1097215490
1097215733
1097216500
1097217248
1097218228
1097229742
1097230627
1097231542
1097233820
1097234444
1097238261
1097239136
1097241882
1097242315
1097242862
1097243982
1097244369
1097245152
1097245888
1097248143
1097271625
109727277X
1097273148
1097273806
1097277054
1097288471
1097289117
109728977X
1097290328
1097290883
1097291804
1097292207
1097292932
1097293491
1097297950
1097299414
1097300811
1097301524
1097302636
109730566X
1097394158
1097395804
1097397122
1097398048
1097398730
1097401073
1097401944
1097414272
1097414795
1097415163
1097415937
1097416747
1097417719
1097420876
1097420949
1097432262
1097433153
1097434389
1097436675
1097439178
1097590909
1097593037
1097595439
1097596397
1097597075
1097597849
1097601188
1097609707
109761123X
1097612015
1097613089
1097613925
1097614514
1097615618
1097616266
1097617238
1097619400
1097621286
1097625729
1097626709
1097627772
109762837X
1097628973
1097629538
1097630110
1097633721
1097760251
1097760545
1097761339
1097762440
1097764591
1097780422
1097780937
1097783065
1097788768
1097789314
1097790444
1097790932
1097793850
1098137396
1098137841
1098138074
1098139593
1098142659
1098160711
1098161572
109816248X
1098164520
1098166752
1098167295
1098167775
1098168402
1098169549
1098170121
1098170520
1098170997
1098171985
1098172256
1098172736
1098173309
1098173597
1098193075
1098193520
1098195892
1098208641
1098209370
1098210492
1098211030
1098211413
1098212010
1098213556
1098216997
1098219120
1098219929
109822129X
1098221885
1098222202
1098222598
1098223241
1098223756
1098314921
1098315510
1098316096
1098318668
1098334264
1098338073
1098338766
1098339932
1098340655
1098342003
1098342429
1098342909
109834605X
1098346580
1098347803
1098348222
1098349024
1098349415
1098350626
1098351177
1098432266
1098432630
1098433440
1098434102
1098435869
1098436326
1098447115
1098897587
1099093864
1099094364
1099095166
1099096871
1099097967
109911442X
1099115108
1099117127
1099118867
1099119715
1099122023
1099123038
109912381X
1099124786
1099125553
1099126258
109912686X
1099127297
1099127882
1099129656
1099130913
1099303052
1099303885
1099304695
1099305098
1099306442
1099306949
1099323401
1099324092
1099324718
1099325528
1099326583
1099327261
1099328195
1099332222
1099332729
1099338735
1099341876
1099728169
1099915872
1099922895
1099925088
1099925797
1099926173
1099929741
1099932904
1099943450
1099943868
109996234X
1099962765
1099963206
109996377X
1099964172
1099965365
1099967651
1099980011
1099982421
1099983304
1099984734
1099985919
1099988543
1099989264
1099989892
1099991811
1099992656
1099993938
1099994594
1099995930
1100063447
1100065237
1100084290
110008561
1100089519
1100093826
1100095632
1100096159
1100173277
1100173714
1100174028
1100175229
1100175725
1100177515
1100188630
1100189793
1100190724
1100191232
1100191828
1100192573
1100192875
110019410X
1100194827
1100197400
1100197788
1100199217
1100199667
1100200037
1100200851
1100202099
1100202404
1100202749
110020315X
1100203370
1100203613
1100203923
110028074
110036319X
1100363513
1100382453
1100383441
1100385444
110039804X
1100399704
1100543120
1100546634
1100551107
1100560637
1100561730
1100562478
1100566651
1100567429
1100569510
1100572848
1100573712
1100574794
1100575421
1100576738
1100579516
1100726578
1100873783
1100875336
1100876561
110087920X
1100880224
1100894837
1100900403
1100927085
1100928626
1100930183
110093328X
1101125365
1101137444
1101351500
1101353163
1101353961
1101354240
1101354801
1101355743
1101356782
1101357894
1101359668
1101361581
1101362189
1101363363
1101364904
1101372478
1101373067
1101375922
1101376260
1101384964
1101385596
1101386525
110138722X
1101388560
1101466316
1101466561
1101470895
1101471867
1101483083
1101484020
1101485353
1101486252
110148683X
1101487097
1101488107
1101493100
1101493348
1101494689
1101495022
1101495413
1101496169
1101497513
1101498803
1101587199
1101588101
1101588772
1101590572
110159201X
1101592486
1101595795
1101605618
110160767X
1101609354
1101610077
1101616490
1101617187
1101617926
1101618213
110163183X
1101632437
1101632925
1101633387
1101641223
1101641339
1101642033
1101642467
1101642629
1101858362
1101858818
1101880570
1102060151
1102060917
1102141100
1102141119
1102141135
1102141143
1102141151
1102154709
1102154776
1102154911
1102155101
1102155500
110215556X
1102155578
1102161039
1102162892
1102164372
1102165972
1102173193
1102175013
1102175854
1102177202
1102177547
1102178047
1102178462
1102179442
1102183296
1102184187
1102185086
1102186031
1102187178
1102188298
1102188786
1102188913
1102189049
1102189235
1102190608
1102190624
1102190691
1102190748
1102190756
1102190837
1102190853
1102191183
110219154X
1102191558
1102191566
1102191574
1102191604
1102203742
1102204374
1102204854
1102205826
1102207586
1102208221
1102214264
1102215732
1102216747
1102220124
1102220531
1102226378
1102228109
1102230049
1102252530
1102252883
1102253456
1102256595
1102262277
1102263699
1102264849
1102267171
1102268321
1102270261
1102277282
1102279722
1102280232
1102282081
1102282650
1102283525
1102284513
1102371874
1102375233
1102377988
1102379166
1102381624
1102394211
1102395218
1102396192
1102397490
1102399027
1102402885
1102403709
1102410748
1102414344
1102415219
1102417076
1102418463
1102420050
110289964X
1102899895
110290113X
1102901768
1102902691
1102903167
1102903760
1102912859
1102913294
1102913707
1102914258
1102915122
1102916099
110291701X
110291780X
1102918393
1102924334
1102926655
1102927287
1102927651
1102938742
1102939072
1102940798
1102942278
1102942995
1102943509
1102949760
1102952966
1102953423
1102953849
110295425X
1102954454
1103048767
1103051873
1103053752
1103054503
1103055240
1103055631
110305662X
1103057529
1103141015
1103141880
1103142305
1103143204
1103143735
1103152378
1103154982
1103155768
110316189X
1103163396
110316385X
1103165526
1103166026
110316662X
1103167340
1103499076
1103500473
1103502220
1103502948
1103503677
110350407X
1103504401
1103505106
1103505807
1103518852
1103528041
1103529064
1103529552
1103569406
1103569937
1103573667
1103574248
1103576984
1103580957
1103582275
1103582666
110358314X
1103584243
1103587730
1103589393
1103590987
1103591916
1103592548
1103597590
1103599852
1103601520
1103673572
1103674013
1103674889
1103675451
110367773X
1103680331
1103681176
1103681567
1103682415
1103692704
1103693352
1103694049
1103697374
1103709194
1103709496
1103709909
1103709909
1103710737
110371130X
1103711687
110381298X
1103814494
1103816837
1103817299
1103817973
1103820206
1103820982
1103821830
110382659X
1103828924
1103830031
1103830945
1103831771
1103833006
1103834029
1103834827
1103835882
1103840185
1103840843
1103840843
1103841947
1103843257
1103843842
1103844423
1103845705
1103846310
1103846779
1103847090
1103847562
1103849263
1103849654
1103850601
110397243X
1103977431
110413117X
1104131382
1104132060
1104132923
1104143534
110414476X
1104145650
1104146541
1104149559
1104150948
1104151049
1104152002
1104153149
1104153521
1104153890
1104154501
1104154870
1104155265
1104155737
1104156016
1104176807
1104177706
1104178125
1104179261
110418043X
1104180995
1104186489
1104187035
1104187434
1104187876
1104195054
1104195933
110419810X
1104198568
1104199610
1104199920
1104271478
1104271869
1104272229
110427325X
1104273764
1104275643
1104279193
1104281007
1104281627
110428460X
1104285509
1104288249
110429012X
1104290685
1104291193
1104294079
1104294400
1104294567
1104381478
110438180X
1104382466
1104382725
1104383101
1104383713
1104385538
1104386186
1104393255
1104394340
1104395630
1104396815
1104398214
1104398397
1104403099
1104403617
1104403978
1104405032
1104405326
110440561X
1104405830
1104500329
1104503336
1104504200
1104507285
1104508214
110451298X
1104513390
1104513765
1104514486
1104515083
1104515415
1104517027
1104517191
1104519615
1104520699
1104521245
1104521598
1104521997
1104522373
1104522519
1104522934
1104523159
1104523221
1104527227
1104701693
1104702010
1104702533
1104703912
1104704897
1104710358
1104710935
1104711648
1104712040
1104712571
1104713063
110471356X
1104713993
1104714825
1104715120
1104715511
1104720124
1104720930
1104721724
1104722550
1104722860
1104724502
1104725029
1104725479
1104725711
1104725983
1104726289
1104726564
1104849674
1104850044
1104850389
1104851687
1104852748
1104853388
110485919X
1104859939
1104860929
110486133X
1104862441
1104867478
1104869225
1104869608
1104870428
1104870762
1104871599
1104948311
1104951576
1104952378
1104957191
1104957906
1104958414
110495916X
1104959577
1104960222
1104960680
1104961393
1104962284
1104966808
1104967286
1104967707
110496984X
1104970317
110497150X
1104971712
1105294935
1105390675
1105391418
1105392201
1105392953
1105396339
1105397238
1105399265
1105400522
1105401308
1105406385
1105407497
110540837X
1105411036
1105413314
1105416399
1105417069
1105422062
1105425142
1105426025
1105426696
1105427250
1105428230
1105429636
1105430987
1105431703
1105432084
1105432793
1105433293
1105434303
1105480240
1105480437
1105481093
1105481565
1105482383
1105482715
1105483754
1105490076
1105494195
1105494616
1105494977
1105495248
1105496252
1105499375
1105499847
1105501868
1105503461
1105503801
1105504115
1105504727
1105505367
1105505774
1105506312
1105567079
1105567575
1105569993
1105572102
1105572854
1105578976
110557962X
1105580199
1105581446
1105582604
1105583198
1105584607
1105584925
1105587738
1105588033
1105589919
1105590313
1105591964
1105592707
1105593258
1105593622
1105593983
1105594238
1105661148
1105663248
1105664023
110566497X
1105669831
1105670287
1105674207
1105674622
1105676943
1105677923
1105678679
1105679772
1105682048
1105683117
1105683753
1105684555
1105689409
1105690237
1105693384
1105696758
1105697231
1105697991
1105699560
110570016X
1105700356
110577015X
1105770974
1105771563
1105773221
1105776972
1105777391
1105780783
110578133X
1105783685
1105784258
1105784983
1105785262
1105785815
110578598X
110578617X
110604563
1106112091
1106112385
1106113535
110611499X
110611597X
1106116577
1106119886
1106120280
1106120795
1106121619
1106122038
1106147634
1106148045
1106150325
1106152883
1106153855
1106154363
1106154835
1106154940
1106259122
1106259262
1106260260
1106261127
110626133X
1106262190
1106263774
1106264142
1106269292
1106270088
1106270479
1106271602
1106272153
110627301X
1106273184
1106273540
1106279468
1106281586
1106281934
1106285085
110628531X
1106285751
1106285824
1106286480
1106286863
1106335562
1106335945
1106336011
1106336771
1106337433
1106338162
1106338944
110634006X
1106341139
110634314X
1106350839
1106351789
1106352130
1106352440
1106355849
1106356381
1106356950
1106357566
1106359712
1106361415
1106390954
1106392442
1106393295
1106394569
1106395077
1106401387
1106403479
1106403851
1106404378
1106405854
1106406133
1106406435
1106406923
1106407407
110641196X
110641439X
1106415760
110641599X
1106416384
1106416570
1106419065
1106457242
1106457919
110645829X
1106458869
1106460456
110646110X
1106565355
1106565991
110656636X
1106566718
1106567722
1106568443
1106568621
1106576896
1106580141
1106580648
1106580745
110658094X
1106581253
1106856821
1106857224
1106858034
1106860578
1106865308
1106867815
1106870581
1106871618
1106872584
1106873106
1106874722
1106880870
1106881427
1106883586
1106884272
1106885112
1106886755
1106887824
1106889622
1106890442
1106890876
1106891651
1106892232
1106892887
1106893360
1106894332
1107021243
1107021383
1107021693
1107023343
1107023807
1107024390
1107025478
1107026547
1107029716
1107031265
1107037212
1107038154
110703938X
1107040620
1107041201
1107042151
1107042801
1107043344
1107044898
1107050626
1107052238
1107053099
1107054605
1107055903
1107067499
1107068215
1107069491
110718119
1107194229
1107194725
1107195195
1107196477
1107197538
1107197767
1107199697
1107200482
1107201233
1107205522
1107208890
1107209625
1107216931
1107347327
1107443938
110744523X
1107602580
1107603803
1107605164
1107608228
1107778778
1107779588
1107782082
1107783097
1107784964
1107792533
1107793831
1107794625
1107796385
110779725X
1107798191
1107798906
1107800188
110780504X
1107805716
1107807921
1107809614
1107810582
1107813115
1107814707
1107815738
110781720X
1108100147
110810083X
1108102646
1108103936
1108104754
1108105467
1108106331
110810813X
1108108954
1108114717
1108116205
1108118151
1108119239
1108120393
1108121578
1108128580
1108129544
1108130372
1108130674
1108131875
1108133177
1108133924
1108134637
1108136419
1108138055
1108292348
1108292992
1108294804
1108296742
1108297412
1108298087
1108298818
1108302742
1108306306
1108309151
1108311377
110831239X
1108313825
1108314821
110831712X
1108317707
1108318541
1108323200
1108324053
1108326315
1108329705
1108330665
1108331629
1108332137
1108332986
1108333397
1108333931
1108334547
1108335152
110855685X
1108557120
1108557600
1108562035
1108565794
1108577970
1108578454
1108579000
1108579779
1108580874
1108583695
1108586090
1108587550
1108593054
110859641X
1108596991
1108599672
1108600638
1108602010
1108603017
1109067178
1109068158
1109069812
1109075251
110908028X
1109082711
1109083718
1109086245
1109090501
110909521X
1109096178
1109098065
1109099231
1109100779
110910233X
1109102852
1109106181
1109362153
1109558198
1109755538
1109765002
1109765398
1109766300
110976717X
1109767471
1109771010
1109773617
1109774176
1109775024
1109775415
1109775741
1109776136
110977625X
1109776845
1109797354
1109797931
110979830X
1109799292
1109799896
1109801076
1109804717
1109805691
110980637X
1109806841
1109809735
1109811020
1109812434
1109817428
1109818777
1109819293
1109820356
1109821441
1109822642
1109822960
1109896255
1109897936
1109899491
1109902042
1109903286
1109907079
1109915144
1109916493
1109917430
1109919204
1109920415
110992447X
1109925794
1109925794
1109926839
1109928815
1109929323
1109929749
1109930623
1109931646
1109931778
1109931891
1109950543
1110039328
1110039921
1110040806
1110042256
1110052855
111005355X
1110053959
1110054475
1110057245
1110058489
1110061323
111006652X
1110067747
1110069057
1110069596
1110070500
1110071760
1110072635
1110072929
1110073291
1110073658
1110073836
1110073968
1110074107
1110074379
111010349
1110190409
111054788
111076619X
1110767188
1110768869
1110770162
1110770855
1110771959
1110772572
1110773498
1110774133
1110780818
1110781377
1110784244
111078516X
1110789289
1110789858
1110794894
1110795734
1110798334
1110804075
1110897243
1110897596
1110898347
1110899211
1110899858
1110901887
1110902751
1110908881
1110909381
1110910959
1110912021
111091234X
1110913273
1110919298
1110921667
1110972911
1110973578
1110974140
1110975171
1110975945
1110981023
1110981570
1110982623
111098328X
1110983581
1110985983
1110991207
1110993382
1110994974
1110995822
111099608X
111099642X
1111044538
1111056927
1111057370
1111057877
1111058636
1111059020
1111059403
1111061653
1111064628
1111065624
1111065799
1111066329
1111066701
1111067023
1111067406
1111108994
1111110123
1111110883
1111111677
1111113998
111111501X
1111115478
1111125775
1111126631
1111131988
1111132690
111125138
1111252327
1111419507
111157619X
1111576602
1111577471
1111580146
1111583218
1111583560
1111585229
1111585369
111159774X
1111640246
1111640610
1111641102
1111641277
1111641463
1111646198
1111647011
1111650845
1111651809
1111653240
1111657831
1111659346
1111660026
1111661944
1111664439
1111664846
1111666091
1111666776
1111667349
1111670463
1111671184
1111674124
111167521X
1111676852
1111677492
1111678472
111170886X
1111710589
1111788944
1111789347
1111789789
1111789967
1111790434
1111791058
1111792690
111179314X
1111793875
1111807558
1111809046
1111809399
1111809852
1111811040
1111812691
1111812837
1111814945
1111816107
1111816549
1111817162
1111817995
1111818568
1111819114
1111819211
1111819556
1111819750
111181998X
111184836X
1111896828
111189776X
1111898650
1111899266
1111900175
1111901708
1111902232
1111902844
1111905185
1111905568
1111908443
1111910464
1111912041
1111912378
1111912599
1111912920
1111915512
1111915849
1111916284
1111917035
1111917221
1111917434
1111917639
1111918538
1111918759
1111918937
1111918996
1111919127
1111971374
1111989699
1112047123
1112048146
1112048774
1112050019
1112050930
1112062599
1112087060
1112087486
1112088652
1112089020
1112089454
111209041X
1112090681
1112091297
1112096272
1112098585
1112098720
1112098992
1112138749
111213946X
1112140255
1112140670
1112141472
1112143084
1112143424
1112143807
1112147357
1112148507
1112149198
1112149759
1112150552
1112151656
1112152040
1112152377
1112152628
1112154949
1112157107
1112157476
1112158103
1112158359
1112158715
1112208607
1112209514
1112210261
1112210547
1112210792
1112211837
1112220526
1112221832
1112223622
1112224017
1112225617
1112226656
111223134X
1112232958
111223361X
1112233679
1112234160
1112234276
1112234403
1112234519
1112234586
1112234675
1112273107
1112273395
1112273999
1112274669
1112275053
1112275398
1112277218
1112290761
111230858X
1112309101
1112309381
1112354786
1112422595
1112422633
1112472460
1112478264
1112481338
1112487840
1112495606
1112575456
1112576762
1112579826
111268428X
1112684549
1112685812
1112686665
1112747508
111275587X
111275671X
1112756965
1112757619
1112757910
1112758127
1112759824
1112760415
1112760970
1112761381
1112761578
1112762426
1112763031
1112763406
1112763503
111345359
1113671645
1114070157
1114070297
1114070483
1114070742
1114070955
1114071102
1114071358
1114071579
1114071765
1114074020
111407831X
1114078565
1114080241
1114081205
1114081876
1114082457
1114082821
1114083526
1114085553
111408591X
111408669X
111408722X
1114088048
1114089591
1114090271
1114090638
1114090891
1114091243
1114147907
111414830X
1114148709
1114149144
1114149551
1114150045
1114151637
1114151971
1114152374
1114152935
1114171204
1114180513
1114182230
1114182907
1114183334
1114183695
111418392X
1114184160
1114184470
1114184810
1114191639
111419221X
111419252X
1114285587
1114288438
1114288993
1114289876
1114293881
1114307890
1114311103
111431319X
1114319007
1114319384
1114320552
1114321028
1114322008
111432275X
1114323314
1114324884
1114402281
1114402745
1114403709
1114405450
1114405965
1114408638
1114414859
1114415359
1114416010
1114418706
1114419192
1114419672
1114423734
1114424323
1114427640
1114427926
1114428108
1114428337
1114507695
1114508004
1114509671
1114509949
111451439X
1114516368
1114516570
1114516910
1114517143
1114517909
1114518204
1114518425
1114520535
1114521043
1114521736
1114521957
1114522570
1114522694
1114523690
1114524239
1114524719
1114524948
1114669059
1114669342
1114670995
1114671827
111467222X
1114752932
1114756040
111476647X
1114833606
1114852198
1114890103
1114894621
1114924660
111492654X
1114996807
1115006711
1115347330
1115483633
1115495887
1115500333
111551606X
1115516914
1115517503
1115518151
1115519824
1115520830
1115521411
1115525700
1115526936
1115527681
1115656767
1115657143
1115658182
111565876X
1115660306
1115667467
1115668560
1115669370
1115669834
1115670425
1115672185
1115675389
1115675656
1115676849
1115677764
1115677942
1115678264
1115678531
1115678817
1115679058
1115679252
1115680196
1115680420
1115680641
111568096X
1115681400
1115681567
1115681915
1115682466
1115727877
1115760947
1115761633
1115810545
111581186X
1115812645
111581379X
1115818414
1115819305
1115820575
1115821083
1115821741
111582225X
1115823310
1115823914
1115826093
1115826506
1115828460
1115828959
1115829424
1115829742
1115830112
1115830619
1115830902
1115831119
1115831232
1115831569
1115831747
1115832107
1115860011
1115860194
1115860682
1115861379
111586226X
1115862782
1116025809
1116034018
1116037378
1116101467
1116103281
1116104660
1116108275
1116110563
1116110792
1116112116
1116113139
111611383X
1116287048
1116289083
1116290928
1116292106
111629589X
1116296470
1116301032
1116303620
1116304244
1116304406
1116305399
1116305984
1116306255
1116306476
1116307073
1116433079
1116436477
1116443805
1116448114
111645064X
1116453126
1116474042
111655593X
1116727366
1116735032
1116746301
111674662X
1116747057
1116747367
1116815303
1116818957
1116818981
1116819104
1116989158
1116990059
1116993112
1117036707
1117092887
1117104680
1117116271
111711645X
1117141748
1117142957
1117165760
111716778X
1117263908
1117403262
1117414574
1117433757
1117496163
111749747X
1117499197
1117504603
111758092X
1117581519
1117586146
1117595447
1117615057
1117710556
1117715310
1117722457
1117725596
1117731677
1117735125
1117739945
1117813916
1117814033
1117818764
1117833380
1117835480
1117839052
1117839435
111784451X
1117844722
1117844854
111784501X
1117845249
1117845516
1117845664
1117846032
1117846202
1117913384
1117941418
1117959414
1117991679
1118104102
1118107527
1118108434
1118122828
111812457X
1118377311
1118378490
1118396294
1118406427
1118415531
1118514335
1118646746
1118655435
1118655885
1118844912
1118858107
1118880749
1119099285
1119113156
1119114012
1119114438
111911456X
1119116791
1119116929
111911697X
1119117623
1119118018
1119119677
1119119871
1119120020
1119120306
1119120691
1119131227
1119131510
1119131685
1119132215
1119132487
1119132894
1119133270
1119159741
1119171687
1119173701
1119181461
1119195756
1119196469
1119196779
1119268427
1119269385
1119368618
111936874X
1119368847
1119369053
1119369223
1119372895
1119377781
1119377919
1119378192
111945820X
1119470323
1119482283
1119482410
1119494524
1119494729
1119495032
1119495199
1119495318
1119495393
1119559022
1119559995
1119603358
1119620848
111962259X
1119623340
1119639255
1119749093
1119759137
1119828260
1119835488
1119838266
1120083907
1120307120
112041413X
1120434181
1120440769
1120441609
1120442842
112044313X
1120443334
112044375X
1120444799
1120445493
1120445825
1120446872
1120447186
1120556511
112082334X
1120864968
1120865026
1120932270
1120934400
1120978629
1120978769
1120978955
1120979188
1120979293
1121072488
1121072720
1121073387
112107359X
1121073921
1121074146
1121074294
112107443X
1121074707
112107507X
1121075282
1121075460
1121075746
1121075886
1121136060
1121160875
1121208517
1121208711
1121330975
1121407838
112147313
1121610781
1121614884
1121617484
1121620205
1121702236
1121708099
1121709028
1121710913
1121711448
1121711766
1121712428
1121712908
1123080038
1123093865
1123094551
1123098980
1123099790
1123101140
1123102252
1123103178
112310364X
1123104409
1123104522
1123150605
1123151016
1123152594
112315497X
1123155291
1123159246
1123160465
1123167729
1123170878
1123171823
1123172307
1123173931
1123220255
1123222045
1123234957
1123241155
1123243743
1123244499
1123245576
112324619X
1123246548
1123246661
1123733953
1123734577
1123735301
1123736359
1123743266
1123744076
112374470X
1123746079
1123748926
1123749418
1123750130
1123752982
1123753970
112381645X
112381810X
1123818355
1123830584
1123832293
1123833273
1123833672
1123836604
1124164286
1124164820
1124165797
1124169318
112417012X
1124174990
1124176152
1124180605
1124181253
1124183086
1124184856
1124185089
1124185526
1124187693
1124189106
1124341129
1124369376
1124369384
1124369392
1124369406
1124369414
1124369422
1124369465
112436949X
112436952X
1124369538
1124369570
1124370080
1124370226
1124370250
1124517332
1124517499
1124517561
1124517634
1124691650
1124692584
1124693483
1124693793
1124700943
1124702865
1124703004
1124703063
1124703217
1124703942
1124704663
1124709312
1124710612
1124711244
1124712526
1124713212
1124713808
1124714111
1124714650
112474696X
1124746986
1124746994
1124747001
1124747028
1124747052
1124747060
1124747079
1124747095
1124747109
1124747117
1124747125
1124747141
112474715X
1124747168
1124747184
1124747192
1124747214
1124747222
112633404
11301189X
113123728
113160011
113667485
113717539
113795297
113968809
115092803
115323376
115353828
115354522
115357629
115363688
11536448X
115368469
115378979
115388885
115389229
115396128
115413340
115416471
115435670
115445854
11548597X
115488103
115505660
115509216
115514945
115516468
115525513
115526773
115531602
115531777
115536752
115537201
115555862
115558772
115560904
115562869
115566244
115593373
115602445
115627995
115632603
115655557
115671919
115680489
115693068
115713581
115732543
115732632
115747702
11574777X
115748008
115749101
115749829
115752749
115755640
115784748
115819363
115832246
115842322
115850945
115861076
115864660
11587030X
115885439
116000945
116001275
116001496
116002107
11600245X
116002921
116003669
116003669
116004924
116004991
116005149
116005696
116005904
116006102
116006188
116007419
116007494
116007567
116007575
116008490
116009403
116010231
116011300
116011750
116012102
116013346
116013559
116013990
11601556X
116015578
116015594
116015608
116015616
116017686
116020342
116021144
116024089
116024739
116026502
116026715
116026723
11602867X
116029110
116029129
116030984
116035447
116036400
116036583
116036990
116037288
116038551
116041021
116041080
116042184
116042516
116042656
116042958
116043067
116043776
116045655
116046120
11604618X
116046244
116046260
116046317
116046694
116047216
116047399
116047461
11604750X
116048778
116049790
116049839
116049847
116049871
116052457
116054646
116055340
116060824
11606238X
116062479
116063025
116063122
11606501X
116065028
116069325
116074809
116075899
116076356
116080078
116080817
116080892
116082216
116082593
116083980
116084022
116085614
116085657
116089083
116089849
116092858
116093315
116093404
116093412
116093463
116093498
116093587
11609396X
116094753
116096233
116096497
116097515
116097523
116099828
116100028
116100095
116100192
116100249
11610032X
116100362
116100990
116101113
116101121
116101660
116102101
116102535
116103388
116103507
11610368X
116103736
116104120
116104147
116104511
116104538
116104740
116105011
11610614X
116106336
11610855X
116110732
116111585
116111844
116112700
116114797
116116501
11611651X
116117095
116118024
116119160
116119551
116120274
116120312
116120894
116121203
116124938
116127368
116128194
116130547
116132663
116133171
116134011
116134135
11613450X
116135557
116137290
116137290
11613741X
116137428
116138122
116139587
116140526
116140844
116143053
116143185
116143649
116143754
116144076
116144971
116148586
116150874
116155353
116155515
116155566
116155582
116156287
116156333
116157224
116159901
116161078
116161957
116161965
11616199X
116162791
116163003
116164085
116164123
116164816
116166894
116166894
116168897
116168986
116168994
116170212
116171278
116173343
116175753
116177020
116178655
116179325
11617935X
116183705
116183713
116186232
116186364
116192380
116193093
116193743
116193794
116194456
116195185
116199040
11620169X
116206365
116206381
116207965
116208147
116208317
116209615
116209623
116210966
116214228
11621452X
116214627
116214716
11621886X
116218940
116219033
116224967
116225114
116226250
116227117
116228695
11622889X
116229292
116229675
116230681
116231114
11623251X
116233346
116234628
116237457
116238062
116239026
116241926
116241977
116243961
116244100
116245360
116246057
116246103
116248688
116251220
116251778
116252049
116253215
116253517
116253711
116255552
116256168
116257946
116258632
116260696
116260831
116261617
116263008
116263741
11626442X
116266244
116271000
116273607
116279567
116282487
11628322X
116283270
116283823
11628465X
116284668
116284676
116284846
116286709
116287950
116288396
116288930
11629180X
116293039
116293160
116294299
116294310
116296976
116301198
116302054
116303409
116304839
116308419
116309210
116309415
116309431
11630944X
116309504
116311894
116312025
116312246
116312408
116312696
116313293
116316519
116319577
116319623
116322292
116322306
116323744
116329947
116331674
116331992
116334134
116335149
116335890
116337427
116337559
116337834
116341017
116341386
116341750
116341823
116342366
116343338
116344385
116344679
116346418
116347554
116348798
116349492
11635058X
116351020
116351942
116352043
11635206X
116352116
116353074
116354003
116355638
116355905
116356030
116357738
116357754
116358149
116359080
116362928
116364947
116365528
116370262
116371838
116375337
116376074
116377208
116377666
116378425
116381256
116382376
116385235
11638669X
11638669X
116387416
116391383
116391405
116391413
116391901
116392851
116392991
116395028
116395443
116398752
116399430
116400471
116400609
116401265
116401397
116401400
116404760
11640616X
116409525
11640986X
116411384
116411392
116412615
11641300X
116413018
116413026
116413549
116414545
11641507X
116415312
116416610
116417757
116418788
116419873
116422211
116423706
116424524
116424907
116425180
116427019
116427159
116428295
116429372
116429747
116432616
116432799
11643354X
116434597
11643497X
116435666
11643709X
116440260
116442794
116447265
116449217
116449837
116450509
11645251X
116454520
116456264
116460210
116460342
116461543
116461837
11646285X
116463724
116463724
116463740
116463821
116465301
116466405
116468157
116468440
11646853X
116468556
116470011
116470089
116471018
116472367
116473495
116474319
116476850
116477415
116477474
116477482
116477598
116477644
116478640
116482028
116482745
116483350
116483458
116483512
116483547
116484705
116489774
116490659
116490810
116491698
11649378X
116494883
116495030
116495065
116495502
116496967
116498439
116498501
116499532
116505680
116507810
11650787X
116507896
116508116
116508493
116508868
116509228
116511346
116514086
116514175
116518286
116522550
116523824
116527803
116527889
116528044
116528893
116528907
116528923
116528958
116529008
116529016
116529040
116530332
116531320
116531665
116531673
116532807
116539585
116540125
116540133
116541830
116542519
116542535
116543809
116544511
116544856
11654533X
116546522
116549165
116551518
116552204
116552999
116553693
116553723
116555300
116556161
116560479
116562544
116563540
116568380
116568658
116570385
116574461
116575891
116577126
116577142
116580976
116581239
116581271
11658372X
116585293
116585404
116585862
116587849
116587938
116588020
116589817
116589957
116590793
116590912
116591730
116592044
116592915
116594888
116595752
116595914
116595981
116597623
116601663
116603887
116605677
116606428
116608358
116609516
11661076X
116610905
116610972
116611073
116611510
116612568
116613939
116614048
116616873
116619643
11661997X
116620501
116623853
11662518X
116627190
116630353
11663085X
116631880
11663510X
116635460
116637633
116639717
116641584
116641797
116641924
116642351
116644494
116645555
116646772
116646802
116648287
116649518
116649844
116654449
116655372
116657588
116659335
11666519X
116665793
116666080
116669187
116669454
116669713
116672242
116674385
116675071
116675551
116675969
116677422
116677619
116678631
116682817
116688890
116691247
116693185
11669811X
116700165
116700173
116701293
116703350
116704136
11670621X
116706384
116706473
11670795X
116708654
116708700
116709332
116709502
116709510
116709650
116709812
116710802
116713585
116715480
116715847
11671672X
116718552
116718579
116718668
11671882X
116718838
116718846
11671963X
116719788
116719931
116722622
116724161
116724269
116724870
116724919
116726059
116726075
116726202
116728701
116728973
116729090
116730072
116730129
116730137
116730145
116730323
116730412
116730986
116733543
116733551
116733969
116734051
116734086
116734728
116735309
116737883
116738243
116739517
116747501
116751576
11675253X
116754265
116759739
116759771
116759909
116760206
116764600
116768827
116769378
11677147X
116772611
116772654
116772670
116772735
116772778
116772832
116773022
116773057
116773073
116774088
116774487
116776498
116777982
116778083
116778660
116784148
116784504
116786361
116790067
116790903
116791020
116791152
116791209
116791624
116791799
116791950
116792035
116792221
116793074
116795271
116795344
116796162
116796197
116797401
116797975
116798181
11679870X
116799501
116799889
116804580
11680517X
11680713X
116807873
116808985
116809132
116809396
116809426
116811919
116811994
116813482
116814683
116818034
116823984
116824166
116824204
116824271
116825820
116828412
11682932X
116830654
116834854
116837705
116838612
116841338
116841451
116841818
116842938
116843187
116844043
116844582
116850051
116851260
11685393X
116855118
116855150
116855495
116858966
116859105
116863005
116863544
116863722
116865768
116866063
116867205
116868333
116870354
116870591
116871172
116871180
116872349
116872926
116878800
116880317
116880481
116881054
116881844
116882883
116882905
116883022
11688326X
116884061
11688410X
116884126
116884282
116884487
116884967
116885467
116885904
116885955
116885963
116885971
116886439
116891270
116891289
116891297
116891440
116894075
116895799
116896116
116898364
116899611
116900563
116901985
116902035
116902124
116902221
116902353
116902434
116902930
116903007
11690318X
116904461
116904496
116904852
116907363
116907436
116908904
11691033X
116910402
116910631
116910704
116914009
116914076
116916184
116916249
116919140
116919590
116919612
116925574
116926716
116927534
116928530
11692943X
116929448
116931744
116939079
116939443
116940247
116940301
116940506
116942134
116943106
116943785
116943866
116944013
116944439
11694594X
116947233
116951303
116951400
116951990
11695244X
116953527
116954442
116954647
116954876
116955422
116955899
116956534
116956747
11695793X
11695809X
116959223
116960175
116960906
116961562
116964227
116966831
116968702
116970103
116970960
116974923
116975202
116975237
11697527X
116978929
11698337X
116984570
116985534
116987251
116988207
11698824X
116988258
116988738
116989793
11698984X
116989874
116995920
116996927
116997052
116997397
116998350
116998415
116999101
116999454
116999802
117000094
117002062
117002739
117002801
117007978
117008265
117010332
117011258
117015814
117016446
117016632
117018546
117018953
117019275
117021601
117021903
117022039
117022071
117022829
117024090
117025488
117025992
117026158
117027219
117028169
117034355
117034436
117034835
117034924
117036005
117036080
117036870
117036919
117038407
117038415
117039756
117040509
11704282X
117045608
117046159
117047384
117047759
117048143
117048437
117050202
117050601
117052086
117052744
117052914
117054453
117062332
117066877
117071552
117076465
117076856
117077070
117077844
117078816
117079235
117079847
117085588
117089443
117089478
117090042
117090557
11709062X
117090654
117090689
117090972
117091472
117092630
11709577X
11709580X
117095850
117095990
11709644X
117098280
117100064
117102385
117102784
11710289X
117102997
117103152
117104043
117107395
117108049
117108057
117108065
117108456
117112380
117113778
117113964
117114197
117115460
117115878
117116246
11711832X
117120367
117120731
117121509
117121525
117122297
117123021
117123412
117123978
117125458
117126144
11712768X
117129461
11713161X
117131806
117131911
117133418
117134759
117134856
117134880
117135054
117135364
117144320
117145203
117145513
117145785
117148482
117148539
117148644
117149071
117149918
117150088
117150193
117151521
117153001
11715301X
117155241
117159840
117160830
117160970
11716383X
117164208
117166383
117169803
117170593
117170704
117171999
117172782
117172871
117176478
117178128
11718098X
117181072
117181250
117181307
117181323
117181331
117181641
11718327X
117183857
117184071
117184888
117185647
11718585X
117185906
117187062
117187372
117189855
117189979
117192368
117193178
117193194
117194891
117201332
117202363
117203378
117204722
117205508
117206024
117207500
117208957
117209287
117210978
117211222
117212733
117213470
117215384
117215929
117216976
117219606
117220019
11722023X
117220752
117220833
11722331X
117223344
117226645
117227986
117229121
117230456
117233315
117234303
117234621
117239917
117240818
117241016
117241229
117243167
117243310
117243612
117247006
117248878
117250015
117251658
117251992
117255599
117256145
117256870
11725939X
117259446
117260541
117261181
117261637
117261904
117262056
11726220X
117265349
117267899
11726878X
11727125X
117271799
117271977
117272965
117275069
117275913
117276529
117276936
117278572
117279722
117280321
117281352
11728310X
117284009
117284033
117284092
117284130
117284580
117284874
117286567
117286710
117291137
117293938
117297704
117299847
117300101
11730235x
117302961
117304131
117304158
117304182
117304190
117304204
117304239
117304255
117304336
117306010
11730638X
117308986
117309494
117311332
117311952
117313122
11731790X
117318701
117319805
117320234
117321877
117322040
117322601
117322997
117323462
117323500
117323624
117324434
117325325
117326046
117329347
117330132
117330140
117330167
117330205
117330299
117330361
117330493
117330507
117332895
117333425
117335134
117335231
117335673
117336947
11733961X
117340170
117340391
11734320X
11734401X
117345091
117346039
117346705
117350494
117350532
117350559
117350613
117350699
117351490
117351539
117353078
117354937
11735628X
117356360
117356433
117356492
117356638
117359335
117360120
117360864
117361135
117362654
117363715
117364274
117365106
117365459
11736701X
117370398
117376280
117377899
11737928X
117379441
117380652
117384488
117386693
117388335
117397806
117398128
117398454
117399671
117399841
117400149
117400173
117400238
117400246
117401951
117409170
117411310
117411639
117411647
117411655
117413755
117415952
117416088
117416312
117416460
117416916
117417114
117419117
117421480
117421693
117424021
117424463
117430331
11743244X
117434574
117437506
117439819
117440647
117441163
117443778
117444332
11744572X
117446351
117446408
117446440
117448397
117449172
117450367
11745057X
117451207
117454028
117461954
117461989
117462063
117462187
117462195
117462217
117462241
117462268
117462276
117462292
117462470
117467642
117470120
117470198
117471798
117472352
117472549
11747357X
117479276
117480762
11748086X
117484253
117484423
117488488
11749092X
117493627
117494054
117494968
117495735
117496677
117497134
117498181
11749819X
117500062
117500089
117501778
117502170
11750274X
117503398
117503940
117504947
117507474
117507563
117507989
117509019
117509566
117509760
117509825
117510181
117510890
117511188
117511196
117512303
117517348
117520071
117520071
117522171
11752302X
11752414X
117524603
117524654
117526371
117526452
117527823
117530026
117531006
117531804
117532657
117534250
117534986
117536873
117537977
117538191
117538205
117538833
117545511
117549290
117551325
117552798
117553859
117554065
117554650
117555401
117555711
117555835
117555983
117558680
117559067
117560324
117560669
117565032
117566950
117567442
117568287
117568392
117572039
117573795
117574414
117575178
117576069
117577421
117579084
117579599
117582565
117582581
117583502
117583545
117585971
11758830X
117588563
117588873
117589934
117591122
117592277
117593524
11759556X
117595586
117596469
117596841
117599026
117599123
117601624
117602256
117602965
117604674
117607126
117608327
117609153
117617334
117618500
117618861
117620807
117620955
117621072
117621218
11762473X
117635847
117637475
117638617
117639443
11764157X
117642398
117643785
117645532
117646172
117646458
117647551
117647748
117647829
117651478
117653020
117656399
117657638
117661260
117662127
117664154
117664162
117664316
117664650
117666505
11767026X
117671169
117673676
117673994
117675008
117675075
117675806
117678945
117679798
117679801
117681423
117682594
117683574
117686794
117692670
117697400
11769875X
117700231
117701998
11770587X
117705934
117706949
11770959X
11771206X
117718327
117720682
117727458
117731226
117731978
11773361X
11773389X
117733970
117734152
117734861
117739073
117739367
117741388
117743976
117745707
11774946X
117751499
11775160X
11775417X
117759791
117760951
117762687
117763233
117766011
117766100
117767182
117767336
118021591
118026860
118052209
118052632
118074466
118089161
118144480
118144596
118157736
118164147
118169440
11817634X
118179055
118183001
118500155
118500260
118500414
118500775
118501038
118501070
118501402
118501437
118501550
118502204
118502573
118504061
118504118
118504185
118504231
118504371
118505041
11850553X
118505793
11850598X
118506188
118506315
118506439
118506811
118506897
118507559
118508032
118508210
118508326
118508466
118508474
118509152
118509365
118510193
118510339
118510894
118512285
118512471
118512749
118513249
118515055
118515071
118515381
11851587X
118516906
118516922
118517058
118517244
11851847X
118518534
118519182
118521098
118521411
11852142X
118521462
118521608
118523457
118523511
118524569
118524925
11852531X
118525484
118525654
118525727
11852576X
118526960
118527282
118527754
118528696
118528882
118529129
118529560
118529927
118530291
118530933
118532766
118533916
118534734
118535676
118535803
118536389
118536567
118536753
118537385
118538160
11853856X
118538918
118539604
118539612
118540211
118540238
118540246
118540343
118540726
118542249
118542265
118542273
118542907
118543040
118543059
118543202
118543628
118543768
11854408X
118544527
118544853
118545248
11854537X
118546058
118548239
118548565
118549561
118549871
118549995
118550063
118550071
118550551
118550578
118550918
118550942
118551256
118552260
11855249X
118552627
118552708
118552880
11855350X
118553615
118553828
118553909
118554107
11855476X
118555049
118555146
118557157
118557432
118558358
118558862
118560050
118560271
118560360
118561022
118561308
118561421
118561715
118561723
118562347
118563432
118563513
11856367X
118563696
11856370X
118564269
118565486
118565494
11856594X
118566393
118566822
118566997
118567357
118569015
118569333
118569465
11856949X
118569554
118569562
118569767
118570544
118571087
118572172
118572245
118572628
118572741
11857275X
118572768
118573047
11857311X
118573381
118573470
118573519
118574175
118574558
11857499X
118575260
11857602X
118576186
118577166
118577190
118577239
118577638
118578693
118579126
118579215
118579320
118579924
118580019
118580728
118580779
118581015
118581023
118581082
118581090
118581376
118581570
118581724
118581945
118582054
118582283
118582348
118582739
118582801
118583174
118584057
11858412X
118584626
118585045
118586548
118586742
118586920
118587900
118588095
118588362
118588559
11858877X
118589768
118590200
118590405
118590855
118591673
118593161
11859348X
11859382X
118594117
118596225
118596357
118596969
118597612
118597671
11859768X
118598511
118598988
118599496
118599593
118600001
118600559
118600850
118601334
118601776
118601954
11860354X
118603744
118604481
118604570
118604627
118605798
118605909
11860614X
118606964
118607405
118607626
118607650
118608053
11860838X
118608398
118608703
118609998
11861035X
118610406
118610465
118610511
118611119
11861116X
118611496
118612034
118612743
118613189
118613251
118613278
118616099
118616366
118616692
118616927
118617249
118617273
118618296
118618385
118618555
11861861X
118618628
118619055
118619179
118619756
118619837
118619977
118620223
118620517
11862119X
118621599
11862248X
118622889
118622897
118625527
118625675
118625896
118627074
118627546
118627716
118628178
118628828
118629662
118629867
118629913
118630040
11863027X
118630431
118630741
11863075X
118630849
118631578
118632078
118632914
118632922
118633244
118633252
118634488
118634747
118634771
118634828
118634968
118634976
118635492
118636383
118636804
118637304
118637436
118637606
118637665
118637843
118638076
118641182
118641417
118643231
118643657
118644033
118644084
118644858
118645633
118646591
118646729
118646761
118646990
118647008
118647709
11864937X
118650629
118651447
11865196X
118652168
118652257
118652575
118652702
118652982
118653520
118653547
118653644
118653717
118653792
118653911
118654144
118654527
118654918
118655035
118655957
118656155
118656961
118657917
118657917
118657933
118658085
118658360
118658476
118658549
118659065
118659669
118660349
118660748
11866123X
118663860
118664999
118665960
118667904
118667939
118671855
118671995
118673254
118673270
118673424
118673440
118673513
11867367X
118673858
118673866
118674072
118674773
118677330
118677853
118677861
118678280
118678647
118679082
118679767
118679813
118680145
118680838
118680986
118681346
118681575
118682075
118682865
118683535
118684132
118684604
118685023
11868650X
118686925
118687565
118687735
118687840
118687859
118688308
118688359
118688995
118689150
118689509
118689967
118689991
118690493
118690558
118690817
118691791
118692097
118692712
118693093
11869314X
118693158
118693492
11869376X
118693980
118695630
118695940
118696130
118696718
118697765
118697781
118698540
118698680
118698885
118699326
118699857
118700588
118700901
118702599
118703129
118703196
118703250
118703633
118704176
118704192
118704249
118704516
118705202
118705911
118706306
118706314
118706640
118708414
11870995X
118710222
118711415
118712403
118712632
118713531
118713566
11871371X
118713876
118714031
118714325
118714678
118714775
118715283
118715860
11871595X
118717812
118717863
11871791X
118718517
118718835
118718991
118720961
118721259
118721321
118722158
11872262X
118723650
118724126
118726080
118726188
118727079
118727702
118728105
118728202
118728482
118728881
118729128
118729136
118729160
118729195
118729217
118729330
118729446
118729470
118732080
118732218
118732579
118733176
118733362
118733699
118734059
11873413X
118734563
118734776
118736213
118736515
118737074
118737104
118738011
118738054
118738062
118738070
118738097
118738178
118738356
118738593
118739220
118740296
118740733
118740830
118742906
118745263
118745476
118745743
118745808
11874612X
118746502
11874657X
11874822X
118748750
118748971
118751166
118751484
118752014
118752049
118753517
118754351
118754955
118755102
118755145
11875551X
118755919
118757040
118758330
118758349
118758357
118759140
118759426
118759868
118760262
118761323
118761706
118761757
118761838
118761846
118762117
118762133
118762672
118762788
118763768
118763946
118763989
118764519
118765345
118766910
118770101
118770195
118771760
118772252
11877266X
118773380
118776150
118776495
118776533
118777718
118778196
118778463
118779257
118779346
118779508
11878000X
118780026
118781189
118781634
118781995
11878305X
118783262
118783858
118783866
118785419
118787314
118787888
11879132X
118792237
118792342
11879485X
118794868
118794876
118795090
118795120
118795163
118795244
118795333
118797123
118797425
118798669
11879969X
118800337
118800728
11880099X
118801058
118801066
118802798
118804499
118804928
118805347
118806475
118806998
118807323
118807331
118808494
118810340
118810669
118810863
118810936
118814044
118815598
118816292
118817167
118818309
118820141
118820362
118821660
118823000
118823663
118824430
118824686
118828355
118829696
118831674
118832328
118832514
118832778
118832832
11883360X
118834193
118835246
11883553X
118835998
118836935
11884041X
118841734
118843842
118843893
118844458
118844709
118845047
118848801
118851764
118852337
118856189
118857444
118860216
118860283
118861727
118861778
118862960
118864580
118865528
118865900
118867733
11886906X
11887361X
118873857
118874470
11887862X
118878999
118879286
118880330
118881388
118884352
118885995
118888455
11889028X
118891642
118891804
118896687
118901044
118902288
118902814
118905244
118910884
118919555
118920588
118921436
118922084
11892883X
118930583
118931504
118938436
11894195X
118943545
118945262
118946366
11894858X
118953400
118954989
118957694
118959778
118963287
118963287
118963791
118967789
118968572
118971263
11897470X
118977253
118977717
118977954
118978179
118978764
118980114
118980130
118980386
118981137
118982370
118982508
118983318
118983741
118988433
118989669
118989987
118990284
118991272
118998269
119000938
119001489
119001837
119002043
119003333
119006065
119009331
119010186
119012758
11901288X
119018268
119021854
119026481
119029243
119032082
119034883
119034891
11903719X
119037335
119038382
11904627X
11904952X
119050870
119053373
119053381
119055988
119055996
11905664X
119059312
119060671
119061600
119064375
119065053
11906510X
119071614
119072688
119077906
119078104
119079402
11908127X
119089246
119091852
119092603
119094479
11909603X
119097605
119098911
119100568
119105764
119106868
119107341
119108291
119112027
119112396
119113325
119116545
119117991
119118432
119119331
119120682
119121905
119126508
119126990
119129892
119130181
119131110
119132990
119133733
119135469
119136627
119138018
119138913
119142120
119142872
11914543X
119151375
119157845
11915790X
119163861
119166364
119170426
119170612
119177269
119183757
119188325
11919421X
119196190
119198975
119199335
119199351
119200015
119206110
119206366
119207826
119208806
11920942X
119210576
119210983
119213567
11921542X
119216833
119221098
119228009
119228378
119228386
119237644
11924022X
119243199
119244330
119244837
119244845
119244853
119255324
119264609
119265052
119272342
119272555
119274582
119276135
119281422
119282380
119283441
119289229
119293544
119298414
119298414
119304074
119307308
119307871
119308339
119309106
119309378
11931049X
119311151
119314088
119316854
119317354
11933304X
119333651
119338920
119342200
119344572
11934632X
119348098
119349787
119355841
119356066
119356392
119357585
119359375
119360659
119366665
119372134
119372312
119372622
11937370X
119375664
119380269
119383721
119384094
119387727
119393719
119396181
119396580
119407477
119408163
119411954
119424142
119429063
11943881X
11943976X
119449579
119455579
119455803
119460777
119465795
119473909
119477343
119484129
119490609
119493012
119493357
119497662
119499231
119507226
11951091X
119511185
119511363
119512920
119514125
119516764
119519666
119521296
119523892
119528746
119535149
119535890
11953665X
119539616
119541076
119541750
119542595
119546159
119547732
119554755
119555360
119559455
119607859
119610361
119611929
119628694
119639106
119642328
119647273
119656760
11965797X
119660830
11970627X
119709155
119730979
11973558X
119741768
119746514
119762889
119763192
11977268X
119774550
119774569
11977562X
119778505
11979019X
119807572
119807629
119820412
119820838
119834731
119842440
11984947X
119858878
119859068
119872366
12002487X
120025639
120045117
120065290
120080133
120085089
120086255
120101599
120101785
12010444X
120104822
120134306
120136007
120152584
120183048
120183072
120190087
120190176
120193019
120206595
120218062
120219719
120251973
12025414X
120283093
120311119
120334453
120348179
120349450
12039572X
120397021
12041371X
12041628X
120423898
120431238
120440407
120445492
120458845
120479273
120506025
120514613
120527685
120532220
120583216
120594757
120620707
120639718
120641011
120649233
120650436
120653389
120657120
12066898X
120687968
120705400
120710102
120710250
120737469
120742551
120753227
120753391
120796783
120812746
120826011
120831740
120854171
120879840
120894572
120925788
12098167X
120989832
120998068
121025365
121044939
121056422
121070220
121072797
121075176
121076679
121078361
121083470
121088014
121090922
121095606
12110186X
121108406
121111369
121114902
121134717
121150232
121153878
121154068
121163482
121163954
121164721
121167240
121175677
12119311X
121193136
121196674
121196674
12120071X
121213587
121224333
121226174
121228266
12123343X
121278875
121278956
121288536
121302601
121306151
121321223
121346358
121351483
121355845
12136965X
121372782
121384292
121396118
121400336
121411141
121416542
121422658
121437663
121449130
121469956
121471608
121491927
121497100
121499944
121517632
121555089
121571289
121571718
121572854
121575853
121585301
121587983
121587991
121588025
121592774
12159372X
121593940
121595951
121617238
121653552
121653595
121653676
121673391
121675017
121675033
121696839
121714268
121717771
121733599
121741737
121748812
121766756
121786412
121787346
121798062
121801845
12180318X
121822656
121837475
121874915
121915557
121927024
121930661
121930882
12193750X
121943763
121944786
121948234
121966054
121976793
121982467
121984885
121998630
122000064
122051076
122051181
122072227
122073851
122080963
12208263X
122098471
122108450
122156544
122181530
122189558
122195159
122195477
122201965
122262573
122263006
12229386X
122303695
122348850
122410262
122417283
12242901X
122446259
122472969
122482654
122487192
122490150
122494121
122505492
122509692
122515617
122518446
122523806
122545575
122550218
122553438
122571533
122571819
122575180
122637208
12263814X
122638603
122683099
122696166
122700821
122713583
122715357
122738764
122762436
122765761
122800516
122808193
12282704X
122836510
122873246
122896491
122903757
122910567
122932366
122934962
122941764
122953169
122953657
122953673
122956508
122968468
122971906
123004853
123017440
123019494
123041856
123053390
123085276
123116821
12311926X
123130190
123149924
123215498
123223504
12326300X
12329472X
123303788
123338557
123353416
123359104
123359937
123373190
123381673
123416965
123434912
123438616
123452325
123471435
123488885
123502012
123523877
12361712X
123631424
123634237
123635152
123635233
123643783
123652812
123659582
123665744
123677092
123680271
123713943
123713986
123726832
123748755
123817366
123830559
123844746
123865972
123866138
123882281
123901154
123936993
123939666
123944678
123951305
123952506
123961572
123975174
123993342
123998565
123998735
124002331
124018629
124020631
124021727
124041973
124052819
124063756
124088880
124094678
124111769
124116728
124143547
124150934
124150950
124162932
124202683
124211054
124221629
124222420
124223443
124255493
124276172
124292887
124331599
124337007
124340547
124361080
124367828
124375952
124381340
124412270
124421997
124430589
124434754
124442072
124442862
124445004
124470823
124483224
124496547
124496806
124518249
124533183
124534112
124554245
124557791
124563252
124567509
124577555
124593747
124596592
124598765
124615023
124615503
124620019
124643000
124650791
124662560
12466833X
124680763
124683533
124687636
124714447
124724531
124725902
124727409
124728030
124731511
124752950
124759351
124760732
124765955
124768164
12478299X
124785115
124803423
124823181
124834078
124836380
124845452
124849806
124875521
124885357
124887589
124896707
12490341X
124906761
124907296
124917801
124931812
12493675X
124958850
12496866X
12498066X
124997767
12500172X
125003676
125006519
125012721
125039166
125113277
125136994
12515593X
125192797
125230079
125234325
125237731
125240201
125283318
125303629
125345321
125366906
125389256
12546648X
125577788
125589336
125629400
125816618
125847432
125948425
126076421
126110190
126124426
126301107
126393184
126451672
126453373
12650587X
126512140
126513392
126655715
126667039
126704937
126712964
126746486
12679068X
126825394
126837961
126922446
126952914
126959242
12702655X
127093885
127187626
127290214
127477969
127478612
127563245
127587799
127595481
127734783
127769102
12777937X
127779507
127814264
127822089
127843701
127862447
127877118
127936262
127949062
127969373
128015055
12807082X
128125322
128229047
12827025X
128275901
128344555
128358319
128379812
128427310
128448164
128456477
128461624
128468815
128521546
128543906
128554517
128564598
128569328
128570121
128571748
128604832
12861823X
128622059
128622717
12862910X
128633549
128645946
128646535
128660813
128670606
128676353
128683880
128705353
128723025
12872529X
128727527
128741333
128747900
128761040
128761768
128766832
128768452
128776196
128781327
128795549
12887516X
128876956
128877111
128886390
128895160
128900938
128900997
12891596X
128935561
128937459
128945982
128961708
128968575
12899066X
129024309
129029181
129031259
129039144
129047015
129047937
129069167
129079219
129101133
129155993
129160288
129178527
129187496
129207756
129209236
129230391
12925505X
129255777
129273503
129286222
12929229X
129304581
129321540
129333417
129337684
129381772
129384569
129424765
129440620
129464694
12947486X
129475726
129483486
129496901
129518042
12956091X
12958651X
129586595
129586838
129591025
129597805
129612383
129615056
129622109
129626740
129677981
129688673
129714429
129731501
129733199
129734063
129786357
129790303
129809802
129823570
129849782
129849820
129858595
129868078
129868175
129883786
129909475
129915238
129942898
129958859
12995926X
129959626
129967815
13000331X
130008354
130030295
130046027
130066745
130070386
130094048
130106828
130109495
130111112
130118761
13014536X
130249416
130249424
130249912
130254134
130316989
130317179
130346721
130354287
130374962
130394025
130410713
130429589
130432555
130434426
130475076
130509264
130526363
130526835
130534552
130537292
13058343X
130587044
130599093
130621463
130683647
130829676
130876526
130880779
13093917X
131341472
131353616
13135387X
131378929
13138726X
131396315
131404954
131432648
131447823
131458671
131524097
131530712
131547348
131550616
131605925
131609548
131622692
131630547
131632396
131640127
131681672
131764527
131764616
131768859
131824112
131832948
131840509
131885154
131893866
131893998
132023814
132050528
132076896
132088312
13211951X
132120844
132148773
132179687
132211416
132228890
132229633
132231336
132234238
132239558
132241595
132271117
132292181
132305712
132401800
132441632
132452111
132507714
132515393
132516195
132522764
132527340
13256940X
132593904
132604175
132621347
132722429
132734257
132746999
132760835
132761033
132764660
132770830
13279800X
132824027
132914786
132966980
133003000
133024210
133141861
133162974
133206963
133223787
133228118
133232069
133253619
133266451
133272605
133286134
133288463
133289974
133298779
13330079X
133306100
133317579
133322440
133349977
133368017
133376729
133378438
133378993
133425355
133437086
133443779
133445143
133456188
133513971
13351501X
133515036
13353622X
133539415
13354477X
133553272
133560554
133571203
133574458
133575861
133616738
133621952
133644618
133645622
133650340
133658996
133662268
133669327
133670406
133682668
13369139X
133697061
133699137
133701417
13372137X
133724697
133726584
133737144
133742334
133755800
133764702
133784827
133787273
133807681
133899667
133914720
133927423
133928608
133931943
133941345
133952851
133956628
133965465
133971082
13397703X
133977986
133979229
133985261
133986551
133986756
133991814
134008707
134011600
134029658
134031369
134073258
134089316
134095316
134131754
134190300
134236653
134244303
134302664
134509900
134628144
134766407
135530806
135541018
135549426
135551323
135554764
135566622
135580358
135607000
135607116
135607329
135607426
135626587
135655080
135655080
135655390
135655544
135655595
135655609
135668654
135671140
135676797
135684757
135687454
135697158
135702453
135706394
135707692
135708699
135718341
135718414
135719119
135720354
135720397
135729246
135729319
135729343
135729718
135729726
135735092
135737222
13573763X
135773180
135789729
135799775
135816661
135844045
135854199
135862825
135869927
135892988
135894921
135903998
135905230
135906644
135906741
13591048X
135924375
135926572
135926653
135926661
135928109
135932297
13593401X
135939798
135939828
135939852
135940346
135944295
135944813
135951054
135951577
135964512
135988152
136004873
136005098
136005128
136019242
136021344
136025552
136025781
136036287
136036368
136047351
136051030
136062598
136064620
136064868
136083617
136089666
136093213
136096093
136096654
136113524
13611413X
136126308
13613470X
136134912
136138543
136148964
136149073
136151124
136168663
136169759
136169856
136169996
13617602X
136194575
13620306X
136219632
136228658
136244297
136244750
136255655
136263402
136277098
136279538
136284523
136300626
136300642
136300693
136300839
136301169
136301290
136301347
136301371
13630995X
136310176
136333257
136345476
136350208
136357717
136365566
136374689
136376134
136401333
136409881
136421725
136421776
136421792
136429602
136441572
136448402
136448437
136450083
136459676
136470599
136481000
136495850
136514804
13654116X
136546722
136547427
136547435
136547508
136569625
136576060
13658313X
136586791
136602630
136611214
136637388
136647987
136659144
136659314
136678815
13669523X
136697526
136697585
136702740
136709354
136713742
136730078
136743153
136743234
136767869
136768725
136780156
136788424
136830536
136840736
136844537
136844626
136845045
136846564
136849474
136857388
136858708
136913458
136924565
136955290
13697967X
136984223
136984711
136988814
136995659
136995675
136995705
137005776
137080905
137086369
137088116
13708823X
137088426
137088442
13708885X
137088957
13708904X
137090161
137090994
137096550
13712287X
137124945
137125607
137125658
137125720
137125755
137125879
137125895
13712595X
137126530
137157479
137161042
137191308
137240562
137245025
13725413X
137261632
137265174
137306172
137306199
137316119
137325339
137327617
137341121
137351828
137361904
137363796
137373074
137373651
137409699
137417977
137436149
137526725
137526881
137530285
137537328
137537875
137538197
137567987
137571348
137571593
137571798
137571798
137571909
137587899
137593074
13759965X
137601093
137612281
137612354
137613008
137613040
137613156
137613202
137613245
137630689
137630743
137630751
137630786
137630816
137636717
137644337
137645627
137646887
137657579
137669887
137670206
137673078
137683472
13768553X
137697783
137697813
137699441
137699557
137705646
137706138
137706294
137732147
137736452
13774109X
137741324
137752350
137759169
13776698X
137778899
137778996
137834527
13783831X
137838409
137839944
137844743
137844980
137845022
137846339
137851847
137872445
137876165
137879342
137887965
13791203X
137912560
137912625
137937628
137944888
137950209
137950209
137957068
137966857
137976844
137977476
137980981
137981244
137982402
137982895
13799480X
137994885
137998333
137998805
138022623
13802278X
138023387
13802569X
138032211
138037035
138058415
138058490
138069603
138077495
138078440
138108897
138109877
138114358
138135576
138144435
138144990
138157286
138170266
138187134
138203598
138222649
138252548
138327467
138328293
138328382
13832848X
138328951
13832901X
138329044
138332142
138335362
138372101
138395225
138395276
138395284
138395306
138395373
13839539X
138412774
13842683X
138459290
138460744
138468907
138478848
138480575
138506574
138519056
138529698
138537461
138575363
138602549
138614172
13862352X
138638071
138638071
138677298
138677549
138677786
138679762
138679908
138680043
138680698
138680728
138680949
138682399
138708371
138710511
138719624
138719691
138720258
138724148
13873576X
138754608
138776245
138777136
138777330
138777411
138777446
138786992
138794782
138795223
138806713
138821860
138882339
138882568
13894119X
138949530
13898252X
138987432
138990999
13901053X
139034536
139042636
139042652
139042717
139043152
139049142
139084517
139084525
13908455X
139085289
139089039
139095284
139098410
139098763
139102124
139105247
139106022
139112308
139140808
139172807
139207848
139216375
139216537
13922789X
139227946
139229574
139234403
13923442X
139239227
139255206
139259066
139266720
139295828
139313176
13931962X
139339108
139360719
139364811
139402330
139407448
139414096
139469699
139485376
139506675
139526781
139528598
139549064
139558713
139558853
139559477
139562443
13956392X
139574387
139574719
139575790
13957624X
13958756X
139615563
139619372
139684492
139692126
139704841
139714928
13976321X
139806903
139812237
139815112
139845585
13985312X
139853715
139880534
139882499
139896473
139899057
139909257
139913475
13991370X
139925430
139942602
140019650
140061037
140069968
140100105
140102329
14010948X
140109501
140121315
140145893
14016720X
140177833
140205047
140286489
140298347
140472258
140482997
140496785
140501940
140518517
140523936
140530495
140581340
140585281
14058529X
140611835
140638989
140648593
140702520
140709533
140775773
140806121
140817190
140905111
140932003
140962093
141054042
141071680
141106387
141113995
141115262
14113402X
141150068
141177764
141202815
141256214
141305681
141308745
141319860
141349689
141448105
141542144
141628413
141628634
141644753
141651199
141651911
141654295
141656131
141673400
141684739
141706228
141710292
14171719X
141728213
141729767
141762020
141814314
141829648
141876565
141887818
141898542
14192408X
141926147
14196085X
141994274
142020842
142036439
142123080
142144355
142233056
142234338
142234354
142257524
142268593
142292419
142337862
14235693X
142359181
142365807
142373893
142409820
142417610
142505218
142507121
142525707
142533696
14259251X
142635170
142648981
142752061
142753017
14276485X
142874698
142882569
142911623
142916234
142982067
143018647
143036807
143038265
143085824
143117459
143165011
143210882
143234552
143278134
143294601
143324667
143375083
143377930
143413090
143416723
143430130
143474014
143546740
143589555
143616277
14361889X
143630423
143733451
143733745
14379597X
143816462
143825208
14384217X
143879286
143886657
143938886
143959972
153714883
156451964
158107896
159121167
170174328
17082733X
171402898
171498747
171696018
171944232
172027578
172036348
172051991
172067723
172115183
172132169
172197457
172217520
172298210
172339405
172356881
172401682
172409535
172598958
172753589
172765056
172785278
173060234
17312772X
173162010
173171702
173172091
173212581
173328822
173331114
173368867
173433553
173446981
173549829
173563295
173669158
173693997
173861008
174058306
17405842X
174070969
174074522
174078609
17412662X
174142676
174145357
174153937
174158106
174232926
174245467
174250452
174259425
174267967
174285043
174330464
174334958
179934546
181395274
188387919
188434739
189414464
189424621
189424710
189428953
189453354
189528133
189528281
189532319
189532912
189542276
189544503
189549696
189563699
