#FORMAT: BEACON
#PREFIX: http://d-nb.info/gnd/
#TARGET: http://histvv.uni-leipzig.de/pnd/{ID}
#FEED: http://histvv.uni-leipzig.de/pnd.txt
#COUNT: 986
#INSTITUTION: Universitätsbibliothek Leipzig
#CONTACT: histvv@gmail.com
#MESSAGE: Historische Vorlesungsverzeichnisse der Universität Leipzig
100030750
100042937
100055427
100072488
100129366
100176690
100188850
100320988
100352677
100357679
100393349
100407358
100459897
100510590
100519121
100546420
100557759
100558097
100565565
10069859X
100700411
100706568
100762743
100810853
100872034
100878385
100878695
100887716
100888356
100928315
101184670
101191731
101231261
101246986
101320566
101339542
101343590
101353723
101370458
1014877466
101547129
101565178
101571127
101584350
1015979173
101618972
101621817
101667906
10171050X
101710933
101714491
101717903
101767595
101784031
101947100
101972679
102021864
102022593
102075166
102083797
102096171
102102732
102105405
102128960
10215807X
102308330
102447705
102486603
10249083X
102503060
102511713
102524076
102545170
10259273X
102616469
102646082
102650489
102666369
10271147X
102715645
102734941
102736359
102743541
102746702
102769990
102772991
102801339
102811555
102876754
103135057
103157697
103362182X
104056177
104057491
104068884
104074361
104100982
104103493
104103914
104105100
104105119
104123184
104125551
104138076
10415862X
10416476X
104196769
104225041
104225564
104238860
104264799
104273801
104288647
104289406
104306211
104311436
104333162
104366184
10528985X
105725749
10583856X
105848174
106078836
10628035X
107912384
113531184
115270752
115358471
115358730
115363149
115409211
115430520
115462724
115536752
115602445
115606327
115619453
115643141
115772677
115799966
11582328X
115861181
115861319
11600083X
116010738
116011173
116011793
116024259
116032243
11603940X
116048786
116051221
116061189
116061278
116063025
116083611
116085355
116087978
116089172
116089245
116091789
116093587
116094036
116094362
116094850
116100753
116101423
116105410
116106379
116107987
116107995
116110481
116111895
116117044
116120312
116123400
116130903
116134194
116134429
116137258
116141395
116145471
116155299
116166614
116172010
116174307
116181230
11618261X
116187808
116188898
116188936
116192364
116194367
116195045
116195681
116196831
116205113
116210265
116213957
116216131
116221380
116223278
116223995
116226404
116226765
116227729
116227958
11623203X
11623539X
11624870X
11625050X
116253614
116258004
116259957
116260793
116262397
116268549
116273992
116275227
116275707
116291869
116292865
116293160
116294205
116301015
116305681
116307110
116313781
116314095
116315237
116317876
116331992
116336110
116343508
116345799
116348615
116348763
11634900X
116352442
116353325
116357010
116362715
11636355X
116374098
116374160
116376376
116377895
116378654
116382813
116385944
116389311
116395478
116396245
116397160
11639806X
116398582
116400811
116413026
116414928
116425059
116427892
116433868
116438177
116439297
116453788
116453842
116461004
116461039
11646125X
116463295
116467274
116469307
116470909
116479124
116489871
116490314
11649039X
116491078
116492678
116496975
116508116
116510617
116512091
116512857
11651292X
116513845
116514353
116514361
116514426
116514477
116515562
116516828
116517387
116521708
116524588
11652720X
116530502
116530529
116531142
116532793
116534230
116538201
116541296
116541598
116545631
116545844
116546972
116551070
116551240
116552018
116552484
116552611
116553103
116554487
116555297
116561483
116569026
116574593
116575514
116587083
116588632
116589108
116595698
116597585
116598026
116598301
11660042X
11660557X
116605677
116608358
116612266
116612908
116613785
116623284
116624981
11662499X
116625007
11662843X
116632968
11663510X
116636335
116648945
11665550X
116657154
116657197
116659769
11667461X
116674695
116675586
116681934
116683341
116690445
116692340
11669923X
116702761
116708077
116712716
116718846
116719990
116723130
116738405
116739606
11674104X
116741716
116743360
116744200
116745398
116747021
116749296
116749393
116749563
116750154
116759739
11676628X
116766999
116769351
116771704
116776021
116776951
116782080
116789123
11678976X
116791764
116792965
116795921
116799773
116803169
116804289
116805382
11680713X
116810769
116812605
116813091
116813644
116817224
116818395
116822791
11682638X
116826630
116829028
116832746
116834803
116843713
116846275
116846348
116847964
116850035
116850566
116854731
116864982
116870273
11687077X
116870885
116871881
116874201
116874422
116877278
116880465
116881046
116881585
116886935
116895780
116899611
116900377
116900490
116900601
116903651
116905093
116907983
116911778
116912138
116912367
116913118
11691534X
116916222
116916656
116916877
116926848
116927100
116928603
116932155
116932902
116938048
116938803
116946563
116948876
116949422
116949597
116951087
116954604
116957557
116958944
116961848
116966440
11697141X
116975121
11697849X
116997338
11699746X
117000779
117002615
117006203
117011150
117016284
117018627
117022551
117023361
117023647
117023817
117026387
117027227
117029939
117030023
117032816
11703651X
117038865
117045934
117047643
117054453
117056987
117057363
117058025
117064823
11706713X
117070270
117070645
117077070
117078654
117080330
117080357
117095206
117097063
117098647
117101001
117102008
117103659
117105457
117108235
117112380
117116769
117119520
117124923
117129119
117133051
117133116
117138320
117139270
117145513
117148814
117153400
117155632
117157988
117160830
117161705
117163945
117164089
117167894
117176567
117178489
117181072
117182761
117185906
117191388
117193526
117194743
117204803
117206407
117209309
117211443
117213381
117222844
117224049
117226297
117229490
117238724
117244597
117244821
117245321
117246603
117246891
117247162
117249076
117250074
117260568
117260614
11726170X
117262463
117263273
117264237
117266183
117267104
11726783X
117268550
117269166
117269719
117269883
117272183
117274674
117278300
117278394
117284114
117284203
117288551
117293407
117297828
117298093
117299081
117299545
117311111
117317500
117318728
117319538
117322334
117326690
117331244
117332216
117334081
117335371
117337080
117338036
117342238
117344192
117347434
117348058
117349321
117353078
117353590
117354325
117354937
117360007
117361534
117361607
117362751
117363251
117364622
117364940
11736777X
117372110
117394777
117399515
117400564
117400653
117401501
117402133
117403393
117406341
11740960X
11741154X
117412317
117413054
117414778
117415170
117417920
11743163X
117432296
117433373
117433764
117434582
117437999
117440280
117442461
117445053
11744815X
117451770
117452475
11745561X
117455881
117459666
117471763
117475505
117479373
117480223
117485276
117489751
117496251
117496537
117501778
117501913
117502553
117505129
117508144
117509825
117511382
117512656
117514209
117516937
117522066
117523992
11752770X
117528013
11752865X
117530182
117530190
117532835
11753675X
117539236
117540080
117543519
117544329
117547824
117549665
117553697
117555185
117556416
117560359
11756060X
117571113
117572098
117572195
117572284
117574260
117576220
117577642
117581100
117583243
117585297
117591424
11759296X
117597589
117602477
117602914
117604941
117607487
117608017
117608793
117609153
117620491
117621501
117624349
11762585X
117627860
117629294
117629383
117629561
117631663
117633178
117639249
117640247
117642215
117643017
117644404
117644692
117645079
117645338
117646199
117653780
117655988
11765762X
117664332
117669938
117673684
117674508
117675075
117676888
117691704
117705349
117722766
117735310
117765643
11776843X
118054996
118084291
118115200
118136151
11851069X
118513109
118516884
118519352
118523368
118524550
118532154
118535536
11854490X
118546058
118548549
118556657
11856286X
118565699
118565915
118569015
118572180
118574574
118577565
118579606
118583425
11858698X
11859057X
118594885
118594966
118596969
118598538
118600877
118602608
11860273X
11860399X
118608916
118610678
118611046
118615173
118615238
118616390
118616692
118622900
118623761
118627724
11862976X
118630989
118633635
11863562X
118636871
118637185
118644084
118644114
118644394
118651765
118653644
118654578
118654934
118663283
118670743
118671375
118673874
118676938
118677292
118681559
118682075
118682644
118682857
118687301
118688944
118690590
118691953
118692046
118699717
118703714
118704141
118704273
118704303
118705253
118709151
118709267
118711997
118715860
118715941
118717863
118717944
118718746
118720414
118723650
118724681
118729470
118733281
118734741
118738380
118740733
11874335X
118743392
118745085
118745441
11875145X
118754688
118754742
118757024
118762583
118765086
118765817
118766481
118770500
118772678
118773410
11877378X
118774425
118777696
118779257
118779680
118784293
118784447
118789902
118790951
118791737
118792237
118796011
118797115
118798871
118805843
11880586X
11880751X
11880846X
118821326
11882189X
118832158
118832840
11884704X
118853279
118877364
118897411
118900102
118911031
118927507
118942794
118955144
118971212
118984292
11898926X
118991787
119018845
119027577
119034743
11903476X
119034948
119045613
119052679
119066874
119066882
119081822
119081938
119092212
119115204
119115212
119132869
119135809
11913702X
119142139
119145073
119145081
119147114
119150751
119151375
119214229
119215373
119220563
119220857
119225476
119237652
119250217
119291754
119341239
119342790
119346303
119346311
119381087
119409704
119438526
11946747X
119472821
119477009
119538164
119539284
119551853
119555883
120025361
120036622
120038641
120164752
120224054
120306050
120425874
120427745
120638037
120699761
120700115
120772426
120897946
121004406
121020339
12105263X
121167526
121209989
121276171
121382389
121500462
121900401
122222091
123350816
124159052
124962971
126177376
126426880
126441596
126523843
126535736
12665834X
126678340
126848181
127530800
127606491
127665633
127695834
127816003
128013656
128082593
128091061
128284862
128331623
128448636
12877455X
130983632
131085891
132171686
13312567X
133277526
133614743
133693244
134231368
135543363
135718066
135975409
135982634
136050670
136375839
136420532
136423396
136510094
136648134
13678299X
137189435
137422644
137447213
137592221
137805918
139816216
14006978X
140121633
142825352
15282295X
154964255
