#FORMAT: BEACON
#VERSION: 0.1
#TARGET: http://beacon.findbuch.de/gnd-resolver/pw_imslp/{ID}
#TIMESTAMP: 2017-02-06T06:47:40Z
#CONTACT: Thomas Berger < ThB [at] Gymel [dot] Com >
#FEED: http://beacon.findbuch.de/downloads/patchwork/pw_imslp-gndbeacon.txt
#EXAMPLES: 118556878
#MESSAGE: Noten, Partituren und Auszüge im International Music Score Library Project
#NAME: IMSLP (partiell)
#UPDATE: infrequently
#PREFIX: http://d-nb.info/gnd/
#DESCRIPTION: Aus der de:Wikipedia und en:Wikipedia extrahierte Links
#X-REVISION: 24901 [2017-02-06T06:47:35Z]
#X-EXTENT: 5150 unique identifiers of type SeeAlso::Identifier
100000541
100001718|5
100001912|3
100202055|5
100228976
1002623308
100297587|4
100342337|2
10041415X|5
100417248|5
100419224|3
100421326|5
100422977
10043746X
100439675|7
100455840|2
100458572|3
100462073|3
100465692|5
100470106|3
100470912|4
100471609
100481620|3
100488153|3
100524907|5
100528554|3
100529429
10053614X
10054097X
10054262X|5
100552641|5
100568009|2
10058733X
100589308
100624944|3
100625320|5
100640362|5
100657249|5
100672302
100679684|3
100699510|5
100763871|5
100788009
100832083
100832865|5
100833047|5
100833136|5
100833187|6
100833195
100833527|2
100850995|3
100862403|3
100864430|2
100864627
100864651|3
100951422|3
100956572|2
100986781
100993052|5
101057903
101068662
101069375
101071388|5
101071450|3
101098774|4
1011479788
1011894955|5
1012298302|2
101231474
1012542947|5
1012939596
1012968618
1013041607|5
1013107853
1013451864
1013455282|2
1013594681
101361742|5
101361769|5
101364237|3
101364261|6
101364415|5
101365489|5
101365632|5
101371861
101373325
1013735706|2
101373953|3
101374054|5
101374089|4
101376057|5
101377177
101379250
101379420|7
101379552|5
10137979X|2
101380151|5
101382243|5
101382588
10138310X
101383193|3
101383592|5
101388152|2
101402775
1014041163|3
1014088240
1014443989|3
101501064|3
1015760155
101576116X
1016232942
1016233469|3
1017050457|5
1017373124|3
1017586268
1017927545
1018055142|4
1018298002|3
101840926
101845098X|3
1018686282|3
1019101962|2
1019270756|3
1019420677
1019487925|3
102006539|2
1020344814
102047022|3
1020550643
1020661224|5
1020754222|5
1020794941
1021185302|3
1021278300
102199175|5
102199191|6
102202028|3
102213488|3
1022832719|2
1023179385
102337993|2
102338469|5
102338507|3
102359636|2
1023620715|2
1023625644|3
102374392|3
102374899|4
102374910|4
102375070|5
1024101495|3
102410577|3
102410631
102410976|5
102410992
102411018
102411034|5
102411115|3
102411182
102411204|3
102411271|5
102411298|5
1024187802
1024187918
1024188191|3
102419744|2
102419981
102420025|5
102420300
102420327|3
102424772|3
102424799
10242487X|2
102427739|5
102427771
102427917
1024322033|2
102441219|3
1024421023|3
102453314|4
1024563022
102465789|6
1024675475
1024726843|5
102498644
102498784|2
102498806
102498849|6
102498962|3
102498989|5
102499322
1024994236
102499527|4
10249956X|3
102499683|5
10250377X
102509654|5
1025264398
102533431|3
102551227|4
102551294|5
102551537
102551758|3
1025557972
1025564502
102558957|7
102559066|6
1025685776|2
102571988|2
1025730895|3
102575711|3
1026192218|6
1026196809|2
1026247071
1026657717
1026670810
1026731097|5
1026812321
1026896002|3
1027000894|3
1027134912
1027433227
1027481701|3
1027953719|3
1027981240
1028055684
1028176201|3
102834695|3
102834741|5
102834865
102834903
102834946|5
102834989|3
102835004|2
102835047
102835063|2
102851379|2
1028592817
1028813848|2
10288207X|4
1028941188
1029152543
1029449112|2
1030012768|3
1030241007
1030485348
1030489696
1031166890|3
1031195181|3
1031273735|5
103131876|4
1031457615
10315874X|5
1031651632|3
1031830219
1032787783|4
1032788550|3
1032791810
1033198536
1033204056
1033254371
1033332828|3
1033571326|3
1033633127|2
1033807699|3
1033828033
1033936162
1034480618
1034612662
1034845608
1034933078|3
1035787555|2
1036153630
1036225798|3
1036629325|3
1036887669|3
1037230922|2
1037316061|2
1037551168
1037578260
1037583337
1037736494|3
103774955|3
103774971|5
10377498X|5
10377503X
1037761898|2
103776478|5
103777210
103777377|5
103778802|6
103779965|3
103781315
103782605
103784004
103785035
103786899
103787038|4
103789030|6
103789375|3
103790152|5
103790322|3
103790411
103790829|5
103792198|3
103792856|2
103794646|5
103794719|5
103795510
103795553
103795669|5
103796665
103796738|3
103796827|3
1037984463
10379896X|3
103800964|2
103802347
103802479
103803807|2
103805540|5
103805850|5
103807217|6
103808817
103809783|3
103809821|3
103810641|4
103810714
103811397|3
103812016
103812180|2
103812202|2
103813403|2
103813861|2
103814000|5
103814558
103814760|3
103815651|3
103815899|2
103818103|6
103819614|2
103819843|3
103820779|5
103821678|3
103822038|3
103822909|3
103824472
103824898|5
10382670X
1038267617|2
103827013|2
103827668|6
103829008|2
103829016
103830782|5
1038318343
103838007
103838252|3
103839844
103840141|3
103840923
103841830|2
103842535|3
103842640|2
103842896|5
103843299|5
103843566|3
103845445
103847863
103848436|3
103851933|3
103853286|3
103853421
103854010|5
103857567|2
1038594715|3
103860312|5
10386217X|5
103862323|4
103862943
103864962|3
103866981|5
103867422
103867848
103868615|3
103876030
103877533|5
10387996X|4
103880356
103880690|3
103884149|3
103885390
103885668
103888829|2
103892354|3
103894543|2
103895531|3
103895736|4
103896244|3
103897984
103898573|3
103899731|3
10389991X|2
103900020|3
103900543|2
103901361|5
103901396|4
103901779
103902600
103903321|2
10390400X|5
103904395|3
103904530
103905480
103906290|3
103907300|2
103909664|5
103909788
10391076X|3
103914625
103914684
103914935|2
103915052
103915559|2
103916202
103916709|5
103923519|5
103924183|2
103924884|4
103926216|2
103926402|2
103928146
103932593
103932798|3
103934235|3
103935045
103935649|2
103936165|3
103936203|4
103941983|6
103943536
103946489
103949178|3
103949828
103950273|2
103952403|5
103953361
103963081
103963855|2
103966722|5
103977430|5
103989013|6
103992693
104010568
104012897|3
10401346X|2
104013516|3
104017120
104018879
104022183
104023104
104025387|4
104025727|2
104026545|2
104028408
104030364|4
104038187|3
104040270|3
104046236|3
104050101
104059389|3
104064021
104064064|3
104064137|5
104064455
104066679|5
104066717|5
104066814|5
104066865|4
104066881|3
10406689X|3
104066911|5
104066954|5
104066962
104066970
104066989|3
104067020|5
104090359|5
104093579|3
104093757
104099445
104100923|5
104101024|5
104106271
104123303|5
10413478X|5
104137444
104141786|3
104151978
104161566
104166797|5
104186968|3
104198273|5
10420673X|3
104206748
104206780|5
104206829|6
10420690X
104207019|5
104209054|4
104224002|3
104224150|3
104224517
104224533
1042405174
10424478X|5
104255137
104270500|5
104271531
104274255|5
104278870|2
104300221
104307544|2
104311541|3
104311606|3
104311630
104311657|3
104311665|4
104311703|3
10431172X|4
104314664|2
10431821X|5
104318724
104318759
104325453|5
104338601|6
104342447|2
104345519|3
104362383
104364467|5
10436503X|5
1043720979
104372397
1044610832|2
1046173030
1046229982|5
1046599607|2
1046599917
1046665952|8
1046700723|3
1047226243
1047367300|3
1047551217
1047617803|3
1047876353|2
1047943352|2
104842393X|2
1048733076
1049485491
104950710X
1049558588|3
1050008014|2
1050279174
1050403916|3
1050672798|5
1050685652
1050687213|2
1050991397|2
1051228824
1051485320
1051815851
1051948282|3
1052214959|2
1052683177|2
1052705146|3
1052707238|5
1052826679|2
1054440166
1054822654
1055095969
1055140301
1055140581|3
1055142371|2
105514255X|4
1055142568|2
1055210148|2
1055219749
1055726799|5
1056134135|3
1056149345
105615330X|2
1056155159
105739596X
1057640182|3
1057640719
1057700398|4
1057734039|3
1057796441
1057984426
1058160834
1058879529
1060520486|3
106133292|4
1061677923
106280581X|3
1063319501|3
1063652820
1063744318|4
1064723829
1065416385|3
1066284881
1066399794
1067262547|3
1067263446
1068304138
106833312X|2
1068343796|4
1070589853|5
1071011669|3
1071867725|3
1072778769|2
107428495X|2
1074852877
1075258227
1076276997|3
1076374948
1076375057
1076375103
107637512X
1076375383
1076375421
1076375596
1076375707
1077055285
107711141X|3
1078803927
1079829237
108138054|3
1084141159|2
1084143860|3
1084363488
1089266588|3
1089269986
1089608012
108962347X|2
1089682220
108976068X|2
1089775466|5
108978094X|3
108980279X|2
1089808712|3
108985451X|3
1089863462
1090340680
1096194287|3
1097397734|3
1102915602|3
1103700235
1111816220
1114926450|2
111520999X
112147439X
11536014X|3
115399798|4
115400613
115438769|2
115453814
115453830
115458115
115458344|3
11549510X
115497374|5
115532323|5
115549331|2
115556982
115598162|2
115620370
115620494|3
115620532
115620540|3
11562077X
115620842|3
115620958|2
115666494|3
115690387|3
115692037|5
115706704|3
115732608|3
115736220
115823549
115823859|3
115823956|3
115829253|5
115833706|2
115845917|5
115852565|3
115854479|3
11600178X|5
116003863|5
116006730|3
116010231|3
11601198X|5
116012374
116013729
116014326|3
116014660|6
116014687
116018259|3
11601833X|3
116020768|3
116020776
116020865|5
116020938|5
11602321X
116023236
116024097|3
116025360
116025549
116027584|5
116028114|4
116032146
116032529|5
116034122|5
116034793|3
116035862|5
116036842|5
116037784
116038063|6
116039191
116040505|5
116044578
116045957
116051353
116052104
116054123
116056908|5
116058730|3
116058994
116059028|3
116060514|3
116060689
116062029
116064250|5
116064366
116066164
116068035
11607020X|3
116070625
116078073|5
116078162|5
116079150|4
11608166X|3
116083182|2
116084499
116085053|3
116088516|6
116089989|3
116090235
116094265
116096497|5
116097108|3
116097701|5
116102403|5
116102977|6
116103086
116103752|2
116110155|3
116112425|5
116114657
116116838|3
116117680|3
116117710|3
116117826|5
116118423|3
116119985|5
116120355
116121572
116121661
116124687|3
116130954
116131810|5
116132388|4
116133872|2
116134380
11613481X|7
11613674X|3
116147156|3
116149493|5
11614968X|5
116149698|5
116150319|3
116151579|3
116152427
116154225
116154462|2
116159421
116161167|3
116163372
116164336
116172169|7
116174137|4
116176849|2
116178515
116179449|5
116180064|7
116180110|2
116181273|5
116182776|4
116194472|5
116194928|3
116195398|3
116199180|3
116200367|3
116201932
116202920|2
116203102|4
116203781|4
116205628|2
116206632
116206934
116209321
116209429|3
116209976|2
116210974|5
116217901
116218290
116220945
116222395|3
116222433|5
116222743|5
116225203
116228660|5
116230002
116230797|6
116230924
116233087|3
116233869|3
116237244|3
116241217|3
116252480
116252499
11625257X|5
116253835|3
116256885
116258896|6
116258934
116259035|3
116260696|3
116261234|3
116261277|2
116264799|3
116265221|5
116267100|6
116267127|2
116268409|5
116270802
116270888|3
116274352|2
11627509X|5
116276940
116277661|4
116278471
116279559|3
116284846|3
116285036
116286857|6
116289252
116291710|5
116297506
116297549
116298413|5
116300981|5
116303042|3
116304294|5
116305541|3
116305649|2
11630586X|5
116306831
116308621|6
116309792|3
116315040
11631995X|5
116322160|5
116323124|4
116325151
11632659X|3
116327472|3
116327642|5
116328223|3
116331623|5
116331674|5
116332603|5
116332662
116336382|3
116338083
116341971|2
116343176|3
116343478
116345683|3
116346418
116347015|2
116349158|4
11635190X|5
116353635
116354720|3
116358246|3
11636128X|3
116363193|5
116364440|5
116367032
116367180|3
116368640
116368853|2
11636906X|6
11637280X|5
116382341|7
116383054
116385154
116385308
116389397|2
116396105|4
116396466|3
116396717
116397500
116397918|2
116403942|3
116406356|3
116406895
116408936|3
116409207
116409908
116410051|3
116410132|7
116411996
116412895|4
11641359X
116414138|3
116418893|6
116421029|2
116422319
116423064|5
116423692
116423749|3
116428473|5
116431415|3
116432128
11643290X|4
116435089|3
116436085|2
116439602|5
116440236
116444436|3
116450851|2
116451793|5
116452072|3
116463570
116464534|5
116465859|3
116466472|5
116466634|3
116469196|5
116470577
116473754|5
116473843|5
11647548X|5
116476761
116485183|5
116491671|3
116492619|4
116498234|4
116498889
116499885|3
116500395
116504331
116505443
116505621|3
116507004|2
116510471|3
116510927|5
116513365
116513772
116514892|3
116517689|5
116518685
11652099X|3
116525126|3
116526076
116530758|3
116531398|3
116533676|6
11653382X
116534591|3
116537620|5
116539062
116539909|5
116541350
116542063|5
116543450|3
116544570|3
116545526
116547030|3
116549165|6
116551038
116551313|3
116560193|3
116564091|3
116566418|3
116567155
116568348|2
116569468|3
116570881|6
116576103|5
116577444|5
116581182|3
116581530|5
116583673|4
116585773|5
116586540|2
116589930|5
116590564
11659294X
116595795
116598883|4
116604220
116605642|3
116607092
116607157|7
116609478
116609931|3
116610530|3
116611537
116612290
116613483
11661580X
116621850|2
11662227X|3
116622911|5
116624043|4
116626364|2
116628693
116628774|2
116631279|5
116631457
116631910
116632011
116633158
116634669
116635983|3
116636068|3
116636521|3
116636602|2
116640243|3
116640367|5
116640774|3
116644729|5
116648341|5
116649968|3
116652047|3
116654260|3
116655224|3
11665662X|2
116659734
116661682|3
116662166|3
116662344|3
116665920|3
116668830|3
116669314
116675357
116679425|2
116693002
116693347|3
11669386X|5
116694475|5
116695110|6
116695714
116696117
116696125|3
116696311
116706066|3
11670974X
116711728|3
116718013
11671803X|5
116719710|3
11672594X|3
116728361
116728698
116733136|3
116734787|2
116736569
116738839
116740272
116742801
116752734|5
116756918
116757086|5
116757221
116759194|5
116760206|2
116760400|3
116762705|3
116766301
116767189
116772492
116772522
116776943|5
116778806|4
116779128|3
11678041X|3
11678346X|3
116783575
116785063|5
116787473|7
116790962
116793007|5
116794526
116796170
116797673|5
116798599|5
116799145
116799293|5
116799838
116805455|6
116808268|2
116808446|2
116809205
116809655|3
116809949
116811757|5
11681182X|3
11681859X
116829826|3
116835648
116835737|3
116836415|3
116841044|3
116842989|3
116843217|3
116843470|3
116843780|3
116843985|2
11684938X
116849959
116850116
116851090|5
116855274|6
116855487|3
116855738
116855908|3
116858702|3
116860413|3
11686060X|5
116861002|3
116865407|5
11686589X
116868996
11687189X|5
116871997
116873884|3
116875992
116878363|3
116879394|3
116881690
116883286|5
116885793|5
116888652|7
116889543|2
116891734|2
116892455
116894660|5
116897325|5
116897686|5
116899239
116899344|3
116899530|3
116901241|3
116901519|3
116902930|3
116909196
116911123
116911514
116924950
116926910|3
116927755
116933259|3
116936371
116936991
116940085|3
116941391|6
116941898|3
116942037|3
116945818|3
116947527|5
116948981|2
116951346|5
116953829|2
116953853
116955139
116955945|2
116957948
116959827
116961902|3
116961945|2
116963808
116964626|3
116965762
11696636X|5
116975261|6
116977108|3
116978589|5
116979682
116980885|5
116981725
116985925|6
116986514|5
116986522
116994754|3
116995254|5
116997249
11700152X|3
117002178|5
117004367
117004561|3
117004758
117010235|3
117010421|3
117010480|3
117011770
117013544
11701513X|3
117019682|5
117021490|5
117022403|4
117025011|5
117029637|5
117030783|3
117031488
11703343X
117033634|5
117046817|2
117050628|5
117053376|2
117055441|3
11705741X
11705822X|2
117058297|5
117059013|6
117062251|3
117067997|5
117068098
117069671|5
117070785|2
117071153
117071293
117072435|2
117072931
117076961
11707988X|5
11708090X
117081523|5
117084387
117088862
117101516
117102067|3
117102385|5
117102946|5
117106836|5
117108189
117110418|6
117110450|5
11711118X
117112984|5
117116793|3
117118826|2
117120251|5
117121207|3
117121800
117127442
117127531
117133957|3
117134236|3
117134449|3
117134554|3
117134864|2
11714469X|2
117145637
117152838
117157007|4
117158755
117160555
11716187X
117167991|3
117168890|5
117169781|3
117174688|3
11717534X|2
117178101|5
117180637|3
117183377|4
117192082
117194670
117194875|2
117195766|3
117196061|6
117196908|6
117197068
117197319
117197351
117201731
117202363
117205923
117206717
117211516
117216615|5
117217204
117223794|5
117226157|5
117227498|5
117233048
11723589X|5
117238767|3
117240443|3
117240974
117243809|2
117245658|2
117245666|3
11724726X
117247588
117247618
117249297|3
117256315
117260924|3
117269212|3
117271446|3
117271799|5
117273767
117285323|5
117289604|3
11729098X
117291862
117294527|5
117296325|2
11729781X|5
117301116|5
117302791|3
11730557X|3
117306282|4
117311820
117311901|5
117313491|4
117314277
117315699|5
11731627X|3
117317225|5
11731725X|3
117318809
117318892
117320005|2
117320617|6
117321613
117326720
117329657
117331856|5
117333255|5
117334286|2
117334472|2
117335207|3
117338311|5
117339008|3
117347825|4
117349011
11735015X|3
117351202|5
117355240
117358258|3
117363855|3
117368393|4
117374237
117375268|5
117380970|6
117381209|2
117385336
11738626X|6
117386979|4
117388483|3
117392359|7
117395188|3
117395404|3
117396923|3
117398586|5
117398683
117400319|3
117400467|3
117401145
117401234|3
117402877|3
117414530|5
11741462X|5
117416460|5
117416894|5
117417718
117418382|5
117421227|3
117424277|5
117424862
117426784
11742692X|5
117428019|2
117432512|5
117435198
117438405|3
117448214|3
117453404|4
117454729
117455369
117458058
117458600|3
117459313|3
117459623
117461628
117467146|3
117467308|3
117467766|3
117468142
117471143|5
117471739
11747195X
117475564|4
11747651X|3
117478202|5
117479993
117481718
117482749
117484393
117491314|3
117493236
117495255
117498920|3
117499277
117504289|3
117506524
117512273|3
117530832|2
117542601|3
117542830|3
11755295X|3
117573507|7
117623180|2
117658316|5
11771402X|4
11773134X|5
117731927
117732109|3
117732400|3
117735728|5
117735760|2
117736201|5
117736821|3
117737224|3
117737798|3
117739286
117740713|2
11774123X|3
117743577|3
11774378X
117746746|3
117749443|5
117749494|3
117749516
117749532|3
117768103
118018302|6
118039180
118042408|5
118053027|5
118115073
118122274|3
118129147
118136437
118144847|5
118161172|5
118204629|3
118500511
118501437|6
118501704|6
118503243|2
118503944|5
118504185
118505505|7
118505521|6
11850553X|6
118505548|5
118506374|5
118506900|7
118508253
118508288|7
118508709
118509322|7
118509675|7
118509845|5
118510177|5
118510622|6
118510916|2
118511084
118511440|7
118511637|5
118512013
11851248X|5
118512552|6
118512978|7
118513028|2
118514253|6
118514709|5
118515799|8
118517414|2
118518011|8
11851816X|4
118518224|6
118520377|6
118520539|10
118522213|6
118522787|5
118523473
118524186|11
118524844|2
118524895|8
118526731|8
118527169
118527533
118527924|6
11852836X|15
118528688|5
118529633
118529692
118530801|6
118531522|5
118531883|7
118532677|3
118534424|5
118534645|10
118535749|2
118536249|6
118536656|3
118537024|7
11853789X
11853856X
118539841|7
118540580
118540866
118540890|2
118541692|5
118541706|4
118542001
118542079|7
11854277X|3
118543431|3
118544489|9
118545205|3
118546309
118546643|2
118546651|5
118546856
118547356|7
118548204|3
11854893X|2
118549448|3
118549944
118550470|3
118550993|2
118551124|5
118551256|5
118552465
118553356|5
118553720|3
11855381X
118554492|6
118554751|5
11855476X|6
11855588X|6
118556142|4
118556878|8
118559559|5
118559605|5
118560697|5
118560999|5
118561936|5
118562258|3
118563572|5
118564145
118564404
11856627X|5
118566636
118567713
118567837|5
118567934|5
118568434|2
118569597|3
118569945|8
118571036|4
118571869|5
118572148
118573071|3
118573527|8
118573632|6
118573934|5
118574469|5
11857471X|5
118575287|7
118575449
118576291|7
11857633X|4
118578189|5
118578413|4
118578529|5
118578723|7
118578995|6
118580728|5
118580736|9
118580779|8
118581201
118581813
118581945|6
118582453|4
11858362X|5
118583700|9
11858412X|2
118584588|5
118584596|7
11858622X|5
118586777|5
118587234|5
118587684|7
118587943|5
118589598|8
118590537
118590618|3
118591177|6
118593234
118593315|2
118593625|5
118594117|7
118595237
118596721|7
118596942|8
118597779|5
118598090|8
118598104
118598651|6
118598988|6
118599100|7
118600877|5
11860094X
118600966|8
118601067|8
118602985|8
118603108
118603426|3
118605348
118605690|9
118605976|7
118607154|3
118608762|5
118609467|2
118609920|5
118610023|4
118610643
118610740|3
118610953|3
118610961|7
11861116X|7
11861164X|9
118611666|7
118612425
118612514
118614339|5
118614363
118614800|3
118614916|7
118615017|10
118616005|5
118616366|7
118616374|6
118618458|5
11861908X|7
118619098|5
11861911X|8
11861990X|5
118620401|7
118620878|8
11862119X|11
118621378|2
118622404|5
118624105|3
118624539|3
118626523|7
118627287|7
118627309|3
118627503|2
118627546|6
118628429|5
118628763
118628879
118629662|7
118629786|6
118630202
11863027X|3
118630830|3
11863142X|5
118633112|2
118633465|6
118634712|7
118634879|4
11863495X|5
118636421|7
11863643X|5
118636812
118636847
118638157|6
118638602|6
118638629|4
118639226|7
118639315|6
118639471|3
118639528|7
118641131|5
118641255|8
118641832|6
118642405|5
118642472
118642545|4
118642669|4
118643118|7
118643231|3
11864372X|8
118644130|5
118644254|2
118644300|11
118646192|7
118646583|6
118646885
118647512|5
11864811X|5
11864839X|6
118649442|2
118649485|2
118649604
118650890|5
118651471|6
118652028|5
118652036|8
118653393|6
118655132|3
118655191|7
118655329|5
118656856
118657038
118657062|3
118657658|3
118659170|6
118660217|5
118660284|5
118660292|4
118660764
118661590|6
118661914|6
118662406|2
118663593|3
118664638|3
118664883|5
118665235
11866526X
118665340|5
118665618|6
118665685|8
118665790|5
118666215|6
118666401|6
118666584|3
11866672X|6
118667998|3
118668099|3
118668161|5
118668188|5
118668218|5
118668390|5
118668404|6
11866901X|8
118669109|5
118669168|8
118670247|6
118671383|7
118672207|4
11867238X|6
11867269X|3
118672789|6
11867286X|5
118674072|5
118674501|7
118674714|5
118675109|6
118675648|8
118676237|4
118676423|6
118676687
118677047|5
118677667|3
118678396|3
118679848|5
118679856|7
118680552|5
11868289X
11868292X|3
118683578|5
118684280|5
118684418|5
118684639|8
11868518X|2
11868521X|6
118687212|5
118688308|5
118688588|23
118688855|5
118689061|6
118689118|5
118689223
118689363|2
118689878|3
118691805|2
118691929|7
118692070
118692429|5
11869250X|5
118694375|6
118694405|5
118694456|6
118694588|2
118694820|3
118695312|8
11869538X|3
118695398|7
118695495
118696025|5
118696343|6
118696750|6
118697641|5
118698508|5
118699121|6
11869930X|3
118699741|3
118699792
118702262|5
118702688|5
118702955|6
118704133|5
118704931|5
118706047|3
118706055|4
118706888|4
118707469|5
118707795|4
118708236|5
118709143|5
118709712|5
118711091|2
118711709|6
118711873|2
118712357|6
11871290X|5
118715054|9
118715232|3
118715941|3
11871600X|6
118716123|5
118716204|5
118717294|7
118717979
118718274|5
118718312|8
118718428|3
118718517|5
118718843
118719025|2
118719580|2
118721941|5
11872262X|6
118722700|7
118724428|3
118725343|4
118725815|5
11872620X|5
118726528|2
118729225|4
118731386|6
118732374|5
118732420
11873475X
118735128|6
118735144|5
118735500|6
118735853|7
118735926|7
118737031|5
118738208|4
118738410
118739964|8
118741713|6
118742973|8
11874383X|5
118744585|3
118744593|7
118744798|4
118744828|6
118745301|5
118745425|2
11874612X
118747975|5
118749137
118749560|5
118749595|5
118749811|5
118750011|6
118750178|3
11875081X|8
118750909|8
11875243X|3
118752618|6
118753517|3
118754319|5
118754343|6
118754394|7
118754408|5
118754653
118754688|2
11875503X|5
118755226
11875548X|3
118755714|5
118755722|3
11875582X|4
118755838
118757873|5
11875789X|5
118757911|2
118757970
118761943|3
118761978|2
118762303|3
118762494|5
118763962|5
118764187|5
118764551|6
118764756|5
118767275|2
118767429|5
118767534|5
118767755|4
11876831X|5
118768476|3
118768581|5
118768921|5
118768964
11876912X|6
118770284|3
11877056X|5
118770616|5
11877137X|3
118771957|7
118772147|7
118772287|5
118773267|5
118773852|5
11877400X|5
118774204|5
118774271|3
118774794|7
118774921|4
118775391|3
118775480|8
11877560X|3
118776223|5
118776614|3
118777084
118777149
118777238|6
118777602
118779184|5
118779524|7
118779559|7
118780220|5
118781375|3
118781421|3
11878143X
118781847|6
11878210X|7
118782428|7
118782843|5
118783432|7
118784307|2
118784374|4
118784552|6
118784714
118785028|5
118785230|5
118786180|7
118786431|3
118788523|4
118789244|5
118789791|7
118790358|6
118791141|2
118791257|5
118791818|7
118792156|3
118792555|5
11879308X|4
118793985|5
118794302|6
118794418|2
118795546|3
118796887|2
118798561|4
118798936|3
118799010|3
118799371|5
118799517|5
118801252|6
118801457|3
118802496|5
118802550|6
118802631|3
118804154|5
118804375|4
118804952|9
118805517|5
118806548|3
118807196|3
118807277|5
11880815X
118808370|5
118809555|3
118809571
118809962|8
118811266|5
118813412|3
118814044|2
118814249|6
118816098|4
118816942|6
118818651|4
118818686|9
118820621|5
118821024|3
118821040|2
118821628
118822756|5
118823078
118825682|5
11882581X|5
118827472|5
118829106|3
118829173|5
118829998
118832433|7
118832794
118833715|3
118834835|3
118834959|4
118834967|5
118835351|6
118835750|3
118836161|2
118836307|2
118836315
11883634X|5
118836358|5
118836927|6
118841920|2
118841963|3
118846922|3
118847503|3
118847546|5
118848895|5
118849255|3
118850415|5
118850776|3
118851977
118852124|3
118852213|3
118852868|3
11885478X|3
118854887|5
118855034|6
118856138|5
118857142|5
118858025|6
11885996X|5
118860801|6
118862588|4
118863533|2
118863541|4
118863959|5
118864106|5
118865188
118865900
118867326|2
118868306
118869442|5
118870319|4
118870912|6
118872079|3
118874462|2
118874969|3
118875655|8
118875663|5
118876430|5
118876759|3
118877496|5
118877895|3
118877909|3
118878247
118878344
118880128
118880489|2
11888168X|3
118881779|3
118883658|3
118883933|2
118884093|3
118884107|2
118884115|3
118884891|4
11888543X|2
11888588X
118886568|4
118887254|7
118890549|5
118890638|5
118890670
118890743|3
11889112X|3
118896229|8
118898248|3
118901680
118901753|6
118903861|6
11890745X|5
118907735|5
118908618|5
11890874X|5
118911996|5
118912917
118913190|4
118914812|3
118917382|5
118917447|5
11891796X
118917994
11891801X|6
118918168
118918834
118918842|6
11891958X|6
118919660
118920251|3
118920626|7
118920928|2
118920936|2
118921088|6
118921592|5
118923404|5
118924265|6
118924885|5
118926802|5
118931121|3
118931482|6
118934503|5
118937359|4
118937367|4
118937650|6
118937863|5
118938533|5
118938975|2
118939440|5
11894049X
118941054|5
118942956|3
118947664|3
118948652|6
11894889X|5
118949756
118950193|5
118951114|6
118951122|5
118951319|5
118951688|5
118953915|6
118954067|6
118955683|3
118956124|5
118957260|2
118957627|3
118958992
118960423|6
118960644
118962256|3
118963147|3
118964046|7
118966065|3
118968157|4
118973258|2
118975099|5
118975420|3
118975579|6
118975773|3
11897811X|3
118980025|5
118980939|4
118982044
118983849|4
118984810|3
118985973|5
118986724|4
118986740|3
118989936|5
118991035|3
11899185X|2
118992880
118993690|4
118993852|3
118995022|5
118995049|4
11899820X
119000008|8
119000539|3
119000725|6
119001446
119002523|3
11900321X|5
119004941|6
119006499|5
119006669|5
119006960|5
119006987|5
119007401|2
119007576|6
119007819|3
11900853X|2
119009048
119009056|3
119009706|7
119009803
119009986|5
119010003|4
119010097|7
11901176X|9
119011778|6
119013584|3
119013754|5
119015277|5
119016206|6
119016214|5
119016222|5
119016524|3
119016532|5
11901680X|3
119017490|3
119017857|5
119018551
119022125
119024578|5
119024586|3
119024705|5
119025361
119025809|3
119029669
119030314|5
119032406|5
119032740|3
119033062|4
119035111|3
119035510
119038161|5
119038293|4
119042541|5
119042983|5
119043211|2
119043564|5
119043688|5
119043998
119044730
119049252
11904983X|3
11905339X|3
119053810|3
119055473
119055716|5
11905647X|2
119057077|5
11905907X
119059231
119060507|7
119060590|4
119060752|6
119060922|5
119061198|5
119062763|3
119063379|3
119063891|6
119064855|5
119065290|4
119069261|3
119071002|2
119071010|3
11907317X|5
11907396X
119075113|5
119078813|3
119084368|3
119085003|5
119085216
119085925|3
119086875|3
119091097|7
119091186|3
119092514|3
119092786|5
119095165|4
119096757|3
119096765|2
119099071|3
119099322
119099675|6
11910184X|3
119102080|5
119105683|3
11910783X|5
119107880|3
119110016|4
119110024|6
119110040|5
119111098|3
11911139X|3
119111527|7
119112329|5
119116510|4
119118602|5
119119390|3
119121328|3
119121387
119121999|5
119122545
119122855|5
119123223|2
119123916|3
119123940
119127601|3
119127695|3
119127709|5
119129647|3
119133911|5
119135094
119138131|5
11913814X|5
119140055
119140802
119141426|5
119142406
119142457|3
119143550|6
119144239
119144271|3
119144549|3
119144980|5
119146681
119147025|3
119147033|5
119148765|3
119149397|5
119149419|5
119149575|5
119150034|2
119157918
119160048|5
119161923|6
119162962|2
119163187
119167549
11917099X|5
119172275|6
119173972|3
119174030|6
119174049|7
119174561|5
119175606|5
119176653|4
119181002|5
119181045|4
11918334X|2
119183366|8
119186144|5
11918625X|4
119186322|6
119186497|4
119186535|4
119188562|6
119189151|7
119189275
119196476|2
119202417
119203588|5
119207796|2
119208946
119209314|6
119210568|3
119211653|5
119216132|6
119220814
119221187|7
119223295|6
119224151|8
119228831|3
119231492|2
119233428
11923517X|3
119238470|5
119239868|5
119246635|3
119249294
119251590
119253933|5
119255472
119255529|2
119255936|6
119255944|5
119255960|5
119257025|5
119258021|5
119262509|5
119262878|4
119262932|5
119263025|2
119263475|4
119263912|4
119264897|6
119264935
119267632|5
119267640
119268752
119271559|5
119274191|3
119274582|2
119277557|3
119278227|2
119278308|6
119278359|3
119278898|2
119280574|5
119280655|3
119281937|3
119281953|3
119281961|6
119282186
119283263|5
119285517|2
11928586X
119286335|5
119287056
119287439|6
119288176|2
11929138X|3
119291525|7
119296217|3
119296225|2
119296683|3
119297582|3
119300435|5
119301199|2
119302756|2
119305437|2
119306476|7
119307499|5
119309025|5
119309998
119312212|3
119312247|5
119313804
119313960|5
119314061|6
119314622|5
119316692|3
119316897|6
119317133|4
119317141|2
11931715X|4
119317168|5
119317826|5
119321203|5
119322366|5
119322382|5
119322390|5
119322463|6
119322897|5
119324768|5
119326469|2
119326728|5
119327856|4
119327937|5
119330563|5
119330989|5
119331128|6
119333465|3
119337800|2
119339064
119343118|3
119343959
119344769
119348047|5
119351064
119351455|5
119351641|9
119352486|5
119352931|3
119353725
119353733
119354438
119355329|5
119358905|5
119362112|6
119362406|3
11936610X|5
119368323
119368684|2
119368692|5
119368706
119368714|3
119368722|5
119370719|3
119373726|4
119374536
119378116|5
119378671|3
119380765|6
119383314|5
119383438|2
119384035|5
119385724|5
119385856|3
119386518|7
119386526
119386984|5
11938700X|5
119387018|4
119388057|3
119388472|5
119389533
119391732|3
119392984|5
119394693|5
119397277|3
119401053|5
119401061|5
119401096|5
119401126|5
119402637|5
119402696|3
119403463|3
11940348X
119404230|6
119404532|5
119405040|3
119406772|3
11940818X|5
119408961|3
119409542|4
119411903|5
119417308|5
119417804
119417812|5
119419475
119421518
119425920|3
119428512|5
119428970|3
11942911X|3
119429292|2
119430002|6
119430606|5
119430959
119431297|3
119432714|5
119433230|3
119436744|3
119443511|3
119443732
119443880|7
119444623|3
119444933|3
119448009|6
119450240|6
119454602|2
119455501|3
11945551X|6
119455668|5
119456001|6
119456052
119456176|6
119456613|6
119456664|3
11945873X|2
119458756|2
119458810|6
119465051
119466805
119466910|5
119466945|3
119466953|3
119469022|5
119469049|3
11946912X|8
119469693
119469707|3
119472031|3
119477807|3
119484749|5
119484811
119487411|3
11948756X|5
119490552
119490781|5
119495732
119496550|8
119498561
11949924X|5
119500043|5
119500132|5
119500264|3
119501694
119501716|5
119501821
119503662|3
119503670|6
119503700|3
119503816
119507633|3
119508036
119508125|3
119512238|2
119512572|3
119514729|7
119514737|5
119515903
119516624|5
119520001|3
119523108
119523442
119523876|5
119524805
119525011|4
119526786|3
119527472
119527847|6
119527995|4
119528193|6
119531569|3
119539632|5
119542269|3
119545233|6
119545438
119549204|3
119549220|3
119550628
119554887|5
119555875|3
119559854|2
119559978|7
119811952|2
120021285|3
120059525|4
120065827|3
120065894|5
120079313|4
120080257|3
120080788
120131730|2
120138980
120161761
120166755|2
120167123|3
120185695|3
120220644|3
120236060|7
120240882
120252805|5
120269317|2
12028572X|3
120297450|6
120299526|4
120327112|7
120334496|2
120346400
120367246|5
12040771X|4
120407795|2
120408007
120419548|6
120427338|3
120431238|3
120436671|3
120442779|3
120456052|5
120474867
120475952
120491761|6
120528169
120533405|5
120560720
120577690|3
120583410|3
120633728|5
120655306|3
120656914
120659328|5
120671727
120713039
120716771|9
120729180|5
120729237|3
120733684|7
120734303|3
120769158|5
120769913
120770008|5
120815796|6
120844141
120852462
120862190|3
12086245X|3
120888807|4
120889684|5
120889692|5
120890038|3
120890143|5
120890437|3
120891204|5
12089162X|4
120917068|2
120951436|3
120984814
121041336|2
121045706|3
121057682|3
121058751|5
121064085
121064344
121071189|5
121071235
121080463|5
12109538X|3
121097331|5
121099571|2
121120791
121138143|5
121149072
121158586|3
121191974|5
121193071|3
121196488
121199398
121216586|3
12122144X
121225488|5
121235874
121248321|5
121253171|2
121260631|6
121261158|3
121283968|5
121297292|3
121302490|5
121302539
121302547|5
12130258X|3
121320677|5
121366316|3
121384462|2
121395545|5
121397661|4
121397963|3
121409163|5
121409171
121418952|5
121452441|5
121452956|4
121453006
12145407X
12146234X
121463516|3
121469735|3
121470709|5
121493547|3
121502945|5
121520684
121540235|6
12155435X|5
121559165|3
121573591|5
121574032
121579808|5
121580520
121584151|5
121585204
121587932|3
121588386|5
121599027|5
121602281|3
12164992X|5
12166032X|5
121664678|5
121673936|3
121764656
121806642|3
121807304|5
121852989|3
121861600|7
121870332|5
121872513|4
121877965|4
12188192X
121885976|5
121888541|3
121900274|6
12191173X|3
121912760|5
121930238
121930335
121948277|2
121950921
121970485|3
121978796
12198365X|5
122002717
122010604|3
122011104
122074262
122078691|3
122081250
122097580|4
122099842|3
122122275|5
12213124X|4
12213852X|3
122155742|3
122168941|5
122169344
122192117|5
122210999
122215621|2
122216954|3
122218264
122261577
122261836|5
12226715X
122294505
122315073|5
122325176|5
122328884
122356306
122359607|3
122364821
12239352X|3
122394704|5
122395883|5
12239657X|5
122397282|6
12241487X
12243854X|2
12244437X
122465903
122477871|4
122488814|2
122505824|2
122513800|5
122531329|5
122548620|3
122573501|2
122584503|5
122604970
12262162X|3
122621646|5
122623142|5
122630025
122635388|6
122635418|5
122638131|4
122661672|2
122662156|3
122664663
122737512|4
122769546|2
122774582
122776526|3
122777832
122781376|5
122783166|6
122788346|5
122800648
122800702|3
122802381|5
12280239X|4
122827147|3
122840100|3
122840313|3
122848926|3
122850904|3
122912098|3
122922980|2
122927516|3
122930886|2
122934482|3
122965299|5
122965523|2
122971841|5
122978242
122978331|2
122978420|5
122979168|3
122990226
123035767
123055784
123062179|5
123086272
123093848|3
123146518
123161460|5
123163234|6
123163919|5
123165415|5
12316544X|3
123165687|4
123166802|3
123166896|5
12318617X|3
123218926|5
123245613
123259479|5
123259908|3
123274931|4
123281954|5
123282721
123289491|8
123317673|3
123345766|2
123361842
123370019|3
123380502|2
123386098|3
123393116|5
123424623
123426391|3
123431891|3
123454832|5
123469899|2
123473918|5
123481880
123494591|8
123520681
123525721|6
12352766X|5
123536405|3
123540682|6
123541441|5
123574889
123594081|3
123594804|5
123600936|5
123607167
123609844|5
123610338|5
123615615|4
123626498|5
123628342|3
123643155|5
123654246
123656915|4
123658292|4
123683637|5
123716055|5
123721644|5
123721857|5
123727812|5
123728754|3
123728835
12373083X|5
123730872|5
123741874|3
123748054
12375111X|5
123761964|5
123766893|3
123768217|5
123772265|3
123776228
123800315
123808049|3
123808294|3
123842069
123853222|7
123859646
12387162X
123878829|5
123881439|6
12388179X
123901898|5
123906970
123908418|4
12390921X|3
123909260|2
123911117|5
123911370|5
123919703|3
123921058|4
123925037|3
123926823|4
123927862|5
123928389|5
123931002
123936063|2
123936993|3
123937698|5
123938252|5
123939062
123941067|6
123942837
123942896
123952239|5
123964849|2
123968453|3
123968658|4
123970814|3
123970857|3
123970954|5
123972639
123979730|4
123980313|5
123990475|3
123994810|3
123995914|2
123996066|7
123997593
123998204|3
124015875|3
124022227
124023592|3
12404106X|5
124041175|5
12405384X|5
124060331|2
124063810|2
124065309|5
124074960|3
124074987|4
124117856|5
124118755|3
124125573|3
12412609X|5
124137954|5
124142702|3
124155545|2
124156266|3
124156312|3
12416952X|4
124172423
124187536
124198198|3
124201792
124233643|3
124240712
124252990|3
124264581
124264751|6
124265642|3
124265707|5
124265952|7
124269273|5
124298923|4
124324932|3
124326501|3
124326919|2
124335853|3
124339069|5
124344690|3
124344968
124350127|3
124373011|5
124378773|5
124381723
124396089|5
124396690|6
124396917|3
124396941|4
124396968|5
124411037|3
124411568|3
124411576
124423485|3
124423795|2
124446809
124449867|3
124449905|3
124453317|5
124462103|5
124471765|5
124479936|5
124485723|2
124498698|5
124502725|3
124502822|2
124509800|5
124522785|3
124523951|5
124524273|5
124524540|6
124529054|5
124533361|2
124555578|3
124556566|5
124563929|4
124567118|4
124571360
124576621|2
124607950|5
124614175|6
124616836|5
124621546
124624200
124625045
124627927|5
124627951|3
124662153|5
124663206
124671136|3
124671802|5
124692923|5
124698778
124699669|3
124710298|2
124725031
124729738|5
124729770|5
124731384|6
124739008|3
124757898
124767516|5
124770983|5
124772773|3
124785972|2
124825605|3
124863582|5
124868754
124876358|5
124881645|3
124883575|3
124898645|2
124906869|3
124925928|3
12494714X|6
124947239
124948057|3
124952356
124954022|5
124969828
12497032X
124970346|4
124976158|3
124985378
124985386|2
124988938|3
124989616|3
126253927|2
126399883|2
126617961
126624518
126676607
126963665|3
12704373X|3
127151176|3
127416919
12760863X
127657819
127693211
127916148
127959904|3
128035714
128228040|3
12834847X|3
128352132|5
128380144|3
128382260|2
128389419|3
128409355|3
128415819
128441062
128441178|5
12845279X|2
128457236|2
128460113|3
128460121
128460156|3
128475099|3
128480343|3
128482842|3
128511222
128518804|4
12851891X|5
128521066
128535555|3
128545011
12854743X|3
128550562|5
128553170|3
12857660X|6
128576820
128578580|3
128580399
128593857|5
128631899
128642343|3
128643099|3
128676175
128678259|5
128679948
128686138|6
128687738
128687886|5
128687991|3
128688068|5
128688505|5
128690615|5
128693584|3
128698144|3
12870179X|2
128703989|5
128704195
128706392
128716088|4
12873065X
128738332|3
128740205|3
128741740|6
128755865|3
128763396|5
128773537|2
128779195|5
128790776|5
128808632|6
12881926X|5
128822481|3
128825006|5
128833157
128840900
128843535|5
128848014
12884888X|3
128851902|4
128857269|5
128860782|3
128861312|3
128861533|5
128861614|4
128861649|4
128861673|5
128861843|4
128880104|3
128889500|3
128895195|3
128896329|6
12889640X|3
128907053|2
128910518|3
128910615|3
12891064X|3
128911026|5
128911085|6
128911867
128931833
128934174|5
128942541|3
128945621|6
128947454|5
12894871X
128957832|3
128959088|3
128959657
128961422
128974362|3
128979305
128988444
128988762|3
128988878|5
128997206|2
128997281
12900250X|6
129009024|5
129014893|3
12901804X|5
129018201
129018309
12902984X|4
129031127
129031135|3
129048623|3
129049603|3
129049824|2
129049859
129057487
129080861
129087955
129159212|6
129200395|5
129204145|3
129224170|2
129226297|3
12923074X
129232661|2
129246581|3
12926699X|4
129273813|3
129289833|5
129290440|5
129292206|3
129292311|3
12929327X
129302279|2
129331880|4
129347906|3
129351105|5
129362573|3
129363391|3
12937749X|2
129393436|3
129422711|3
129435740|5
129436186|4
129444073|2
12945706X|5
12946094X|5
129462543|2
12946435X|3
129464929|3
129479845|5
129481912|6
129485209|3
12949416X
129502693|3
129530425|5
129557005|2
129566446
12957385X|3
129591467
129605360|5
12963414X|3
129653128|3
129655988|2
129663778
12966457X|3
129680788|2
129690678
129707899
129713066|2
12972260X
129725013|3
129733474|3
12973960X|7
129740446
129762571|3
129773751|2
12977524X|5
129798703
129809942|5
129810177|5
129815926
129851574|3
129854638|3
129867144|5
129891843|3
129894311|5
129926396|3
129958816|5
12998308X
129988863|5
129996521|5
130014737|6
130019488|5
130038598|2
130048615|5
130054518|4
130067229|5
130080233|5
13012110X
130169439|3
130175773
130203920
130206164|5
130208841
130234052|3
130234842|3
13023804X|5
130254029|5
130255572|3
130256897|2
130286532|3
130426415|5
13047486X
13049786X
130510955|4
130533696|3
130544841|5
130567892
130583537|2
130595845
130610305
13061744X
130618667
130624675|3
130635642|5
130636568
13063672X
130655643
130658081|4
130825808|2
13082738X
130840106|5
130860506|5
131358685|3
131368311
131400614|3
131423614
131461869
131486233|3
131502999|3
131503502|6
13151671X|2
131542893|4
131554921|3
131559990|3
131575864|2
131597558|3
131611925
13162976X|3
131642049|2
131654926
131705989|3
131709720|6
131712705|3
131738259
131739859|5
131867482|2
131891618|2
131901958|2
131910337
131929062|5
131942522
131967983|5
13197162X|5
13197629X|3
131991701
131992759
132001896|5
13200867X|3
13203591X|2
132044099
132056895|2
132061600|3
132092301|4
132101394
132117991
132121204
132126230|3
13213330X|3
132134055|3
132149133|5
132156776|4
132168413|3
132173921|3
132205955|3
132208474|3
132234165
132242567|2
132242605
132250934|4
132268779|3
132291231|3
132293412|2
132299852|6
132311232
132372126
132374684|3
132383470|5
132420872|5
132481936
132498057
132499630|3
132507811
132512130
13251608X|3
132522306|3
132522942
132531151
132535122|6
132569302
132570580|3
132570602|4
132594315|3
132618796
132619261|5
132625814
132634732|3
132649241|5
132700107|5
132711044|3
132722313|4
132722496|6
132724065
132770903
132780992|2
132796511|3
132800454|2
132800497|3
132813629
132834014
132858444|3
132903423|5
132946564
132949601|3
132955393
13297312X|2
132978296|5
132999080
132999781|2
133002756|6
133012328|3
133028666|3
133031926
133048101
133054314
133054454|2
133117871
13313072X
133145271|5
133166821|2
13317199X|3
133212602|3
13323942X|5
133255859
13329868X|2
133318052
133343871|4
133346102|3
133346757|5
133347133|4
133348741
133355268
133359409|4
133360008
133360148|3
133363457
133420817|5
133467589
133551164|5
133555143|5
133583708|2
133592200|3
133612775
133645606
133653447
13366578X|3
133729702
13374373X
133760324
133831914|3
133912027|5
133949486|5
133992314|3
133995801|3
134000358|3
134011163
134021436|5
134026039
134026578|3
134041011|5
13406920X|3
134093380
134106210|5
134108051|5
134108493|5
13414659X|2
134186400
134187091|3
13420221X
134208102|3
134228332|5
134279735|2
134311329|5
134311566|4
134312074|4
134322827|3
13432546X|3
134329279|3
134330021|3
134331125|3
134333179|5
134337220|3
134344529|5
134345002|3
134346653|3
134350685|5
134350952|2
134355989|3
134359585|2
13436547X
134368142|3
134370821|2
134376579
134378598
134380886|5
134382331|3
134384032
134384938|5
134388801|3
13439075X|5
134392000|3
134393902|4
134402456|6
134405366|5
134407709|2
134412664
13441974X
134428048|3
134430468|5
134434730
134446550|3
134448219|4
134452798|3
134453387|5
134458893|5
134464672|2
134468988
134471792|5
134474929|3
134474937
134477863
134479599|6
134480368
134480759|3
134484320|6
134485211|4
134488970|3
134494741|2
134495535|2
134503821
134505808|2
134507045|4
134508211|4
134510380|3
134510712|4
134511239
13451789X
134521927|2
134535383
134541898|4
134543297
134546857
134558286
134566297
134567587|5
134568591|2
134569296|3
134571975|3
13457303X|2
134574079|5
134574729|5
134579690
134586573|5
134586654|2
134587928|3
134591240|4
134591593|3
13459195X|3
134595947
134596269|3
134600118
134606833|3
134607422
134609557
134611039
134611403
13461660X|5
134616707
134617002|3
134618262|2
134620046|3
134623703|5
134623711
134624165|3
134624823|3
134625080|3
134628608|3
134628713|5
134628918
134634209
134636716|3
134636805|3
134638069
134640926|3
134644786|3
134654072|4
134656679
134663810|5
134663829|5
134672097|6
134674065|3
134674162
134674529
134676882|5
134679407|5
134683714
134694716
134695801|5
134697936|2
134706021|5
13471153X
134714733|3
134717929|4
134721691
134729455|3
134734815|5
13473680X
134736869
134736885|6
134737989|3
134741919|3
13474280X|2
13475395X
134753968|3
134756908|3
13475994X|3
13476482X|5
13476692X|5
134770870
134775279|6
134775333
134783549|3
134783689
134784979|6
134784987|3
134785045|5
134785096
134787633|3
134788478
134791169|3
134793870|3
134794400
134797752|5
134801784|2
134801806|2
134802802
134809424|5
134822412|4
134826140
134830326|3
134831918
134831950|5
13483240X|3
134833198|3
13483321X
134835034|5
13483643X|2
134836448
134838378|4
13484467X|5
134845633|3
134845641
134848136|3
134848233|5
13484890X
134852028|3
134856015|2
134857623|3
134859626|5
134863267|2
134864093
134868226|5
134878442|2
134885031|3
134885376
134885872|3
134890949|2
134894510|3
134900871|5
134902033|3
134907906|3
134910591|3
134912519
134914813|5
134923332|2
134933753|2
134940229|3
134942426
134945239|6
134945921
134960483|5
134960939|2
134966686|3
134969286|5
134970780|3
134971876|3
134972147|5
134979869|3
134984072
134985435|5
13498787X|5
13499454X|3
135000742|2
135008123|3
135008220|3
135008719
135012031|5
135012716|2
135013356|5
13501378X|6
135015146|5
135020689
135021685|3
13504295X
135043549|2
135056748|2
135059887|4
135063019|6
135067782|3
135092965|2
135094739|3
135114896
135129060
135132029
135142911
135144949
135155223
135193036
135208300|6
135222990
135224462|3
135236819|3
135237262|2
135242630|4
135252725|5
135266777
135280281|3
135280303|3
135280354|3
135281326|3
135289300
135291240
135294835|2
135301734
135303338
13533070X
13533182X|3
135341973|4
135347343|3
135349605
135353920|3
135359198|6
135367107
135375800|3
135380561
135388929|5
135402611|2
135407915|5
135419875|3
135423686|2
135429714|5
135438721
135442281
135443660|3
135447224|3
135450004|2
135459354
135464099|3
135465273|2
135467896
135468949|5
135471354
135477573|3
135486408
135495539
135497965|5
135499895
135517907|5
135518040
135614279|3
135634679
135702941
135858860
135892309|4
135920728|2
135959292|3
135975808|2
136054633|3
136137512|3
136160115
136259928|5
136429777
13643228X|3
136599958|3
136869890|3
136970761|5
13701158X|2
137031262|4
137101759|7
137144342|2
137192711|3
137333110|3
137375468
137389728|3
137412533
137450753|2
137452241|3
137492332
137492758
137504535|3
137554788|5
137568312|3
13765247X|3
137664737|2
137668406
137670850
137682093|3
137683723
137685491
137687591|3
137694938
137695098|3
137706537
137904967|2
137971508|5
138042217|2
138118280|5
138222525|3
138238650|5
138287546|3
138334277|3
138334986
13834907X|5
138376611
138492298|2
138493693|2
138543534|5
138559848|3
138571694|3
138671729
138673276|5
138749655
138883238|5
138934436|3
138973970|3
138974004|5
139000100|3
139011609|2
139092218|3
139127046|2
139150013
139183507|3
139185224|2
139230076|5
139242511
139256881|2
13930147X|4
139316744|2
139330232|3
139360948|3
139432973|3
139447644|3
139521631
139557032
139588167
139625038|2
139625143
139652698
139659498|3
139666486
139670696|2
139684026
139857842|3
140025790|3
140050205|2
14008973X|4
140139540|5
14021643X|2
140297839
140372717|3
140391339|3
140472983|3
140473521|3
140522263
14052990X|4
140533435|3
140594981|3
14082698X|3
140911553|3
140956174
141034211
141059559|3
141075724
141131772
141152214|2
141182490
141206330|2
141232714
141233648|2
141295694
14129776X
141307757
14133956X
141352086
141494131
141540052|2
141681276
141701552|4
141843322|3
142071099|5
142138940|2
142139289|3
142147095|2
142156019|3
142198927
142209406|3
142252573|2
142283266
142289000
142325651|3
14239131X|2
142520047
142552054
14258388X|3
142649503|5
142684554
14269875X
142748447
142882690|5
142917664|2
142946125|4
142954160|3
143164635|2
143174568
143199838
143256556|3
143346016
143372661|2
143377914
143501488|3
143696742
143746480
143754009
143792717|3
143833286
143906437|5
143920529|3
144029170
144043211|3
144055465
152725377|3
154850578|2
15675598X|2
158688260|2
158689666
159560519|2
16010873X
160221722|3
160244234|3
171451007|3
172018056|3
172118654|3
172253535|3
172826977|3
173100600|4
173597998
173743633
17380960X|5
173857248
173860486
173867898|3
173888194|3
173888232
173973191
173993451
173998992
174028725|3
174029950
174054742|3
17407641X|2
174105452
176258213|3
177716851|2
182475735|2
184639522|2
185678580|2
186219601|4
186254199|2
186254830|3
186783752|2
300000421
300000448
300001665
300001703
300002262|2
30000320X|3
300003218|2
300003250|3
30000348X
300003560
300003773
30000527X|3
300005350|3
300005377|2
300005393|2
300005423|2
300005652|3
300005725|2
300006209|3
300006403|3
300006640|2
300006667|3
300006764|3
300006780|3
300006799|3
300006829
300006837|4
300006845|3
300006861|3
300006888|3
300006926|3
300006969|3
300006985|3
300006993|3
300007019|3
300007132|2
300007167|3
300007175|3
300007221|3
30000723X|3
300007256|3
300007264|3
300007272|3
300007280|3
300007329|3
300007361|2
300007396|3
300007450|3
300007469|3
300007515|3
300007523|3
300007590|2
300007612|3
300007655|3
300007663|2
300007701|4
300007760|3
300007779|3
300007841|3
300007876|3
300007884|3
300007922|2
300007930|3
300007949|3
300007957|3
300007965|3
300007973|3
300007981|3
300008007|3
300008015|3
300008031|3
300008066
300008074|3
300008082|3
300008104|2
300008120|2
300008139|3
300008147|3
300008171|3
30000818X|3
300008198|3
300008201|3
30000821X|3
300008228|3
300008244|2
300008252|3
300008260|3
300008287|3
300008295|3
300008309|3
300008333|3
300008341|3
300008384|2
300008406|3
300008430|3
300008473|3
300008481|2
30000849X|2
300008503|2
30000852X|3
300008538|3
300008546|3
300008562|3
300008597|2
300008619|2
300008627|3
300008635|3
300008643|3
300008651|2
30000866X|3
300008678|3
300008686|3
300008694|3
300008724|3
300008732|3
300008740|2
300008767|3
300008783|3
300008791|3
300008805|2
300008813|3
300008821|3
300008864|3
300008872|2
300008899|3
300008902|2
300008910|3
300008953|2
300008961|3
300008988|3
300009003|3
300009011|2
300009046|2
300009054|2
300009062|2
300009070|2
300009089|2
300009097|2
300009100|2
300009127|2
300009135|2
300009143|2
300009151|2
30000916X|2
300009178|3
300009194|2
300009208|3
300009216|2
300009240|2
300009267|2
300009283|3
300009712|3
300009798|3
300009879|3
300009941
300009976|3
300009984|2
300010001|2
30001001X
300010028|2
300010443|2
30001077X|2
300010842
300011113|4
300011806|2
300011881|2
30001189X
300011903|3
30001192X
300011938|2
300011962
300013434
300015003
300015186|2
300015194|3
300015305|2
300015348
30001547X|2
300015488|3
300015496|3
30001550X|3
300015542|2
300015755|2
300015798|2
300015895|2
300015925|2
300015933|2
300015941|2
300015968|2
300015976|2
300015984|2
300015992|2
30001600X|2
300016026|2
300016042|2
300016050|3
300016158|2
300016360|3
300016379|2
300016387|2
300016417|3
300016425|2
300016433|4
300016506|2
300016522|2
300016557|2
300016573|2
300016581|2
30001662X|2
300016638|2
300016646|2
300016662|2
300016670|2
300016697|2
300016719|2
300016727|2
300016735|2
300016743
300016786|2
300016794|2
300016808|2
300016824
300016832|2
300016840|2
300016859|2
300016867|2
300016875|3
300016883|2
300016891|3
300016905
300016999|2
300017065|2
300017073|2
300017081|2
30001712X|2
300017146|3
300017154|2
300017421
30001743X
300017626|2
300017634|2
300017790|2
300017812
300017855|2
300017901
300017928|2
300017987|2
300018657|2
300019130|4
300019157
300019181|3
300019254
300019416|4
300019432|3
300019459|3
300020724|4
300020910|2
300022794|2
300023413|2
300024770|2
300024797|2
300024975|3
300025084|2
30002567X|2
300025696|2
300025726|2
300025742|2
300025874|2
300026862|3
300026897|2
300027052|2
300027109
300027125|2
300027214|2
300027230|3
300027354|2
300029160|3
300029497
300029608
300029705|3
300029713
300029934
300029942|2
300029950|2
300029977|2
300029985|2
300029993|2
300030010|2
300030029|2
300030088|3
300030126
300030134
300030142
300031610|2
300033214|2
300033281|2
300033303|2
300033435
300033524|2
300033729|2
300033826|2
300033877|2
300033966|2
300034148|2
300034172
300034199|2
30003539X
300036035
300036302
300036744
300036787|2
300036809|2
30003685X
300036876
300036884|2
300036892
300036906
300036914
300036922
300036930
300036949
300036957
300036965
300036973
300037090|3
30003735X
300037635|3
300037643|2
300037678|3
300037864|3
300037880|3
300042205|3
300042248|3
300042329|2
300042752|3
30004531X|2
300045492
300045565
300045638|3
300045735|2
300045816
300045840
300047959|3
300048114|2
300048122|2
300048300|2
300048319
300048343
300048866|2
300051018
300051565|2
300057830|4
300058810
300058888
300059949
300059957
300059981
300060084|3
300060114|2
300060149
300060203|3
300060254
300060327|2
300061099|3
300061234|2
300061250|2
300061307|4
300062451
300064012|2
300064055|4
300064101|2
300064152|2
300064160|2
30006425X
300064543|2
300064578|2
300064594|2
300064624|3
300064675
300064705
300064764
300064837|3
300065175|2
300065434|2
300065469|2
300065477
300065531|2
300065590|2
300065655
300065752|2
300066252|2
300066295|2
300066651
300069243
300069413|2
300069421
300069626|2
300069650
300069677|3
300069685|3
300069693|2
300069707|2
300069715|2
300069723|2
300070071|2
300070179|2
30007025X|3
300070268|2
300070357|2
300070365
300070438|2
300070446|2
300077742
300079117|3
300090757
300091338
300091370|3
300093098|3
300095120|2
300096453
300096461
300096488
30009650X
300096550
300096615
300097832
300097840|2
300098073|3
300098197|2
300098901|2
300099819|3
300099975|2
300100035|3
300100116|3
300100140|3
300101392
300101597
300101821|2
300101902|3
300102194|2
30010233X
300102488|3
300102658|3
300102666|3
300102674|2
300102704
300102771|3
300103069|2
300103077|2
30010412X|3
300104200|2
300104286|2
300104960
300105541
300105606|2
300105800
300105843
300105967
300107153|2
300107188|2
300107242|2
300107331|3
30010782X|3
300108001|5
300108192
30010829X|2
300108966|3
300109032|3
300109059
300109296
30010958X
300109644
300109849|3
300110200|2
300110227
300110421|2
300110537
300110618
300110669|2
300111088
300111096|2
300111118|2
300111126|2
300111134|2
300111150|2
300111169|4
300111304|2
300111363|2
300111959
300112009|2
300112068|4
300112793|3
300112866|2
300112904|3
300113943|2
30011527X
300115296
300115342
300115350|4
300115474
300115571
300115598|2
300115644
300115695
300117345
300118465|2
300119208
300119224
300120249|2
300120796
300121555|2
300121628|2
300122098|4
300122195|3
300122233
300122268|3
300122330|3
30012239X
30012242X
300122454
300122470|2
300122543|3
300122705
300122802|2
300123639
300124112|2
300124554|3
300124562|3
300124597|2
300124678
300125143|3
300125232
300125399
300126697
300126794|2
300127820|3
300128908|2
300128916
300128940|2
300128959|2
300128983|2
300129483|2
300129971|2
300130791
300130988
300131046
30013228X|2
300132387|2
300132433
300132484|2
300132514|2
300132573
30013259X|2
30013262X|2
300132662
300132867|2
300132875
30013360X|3
300133863|2
300133936|2
300134010
300135041|2
300139152|2
300139985|2
300140193|2
300140878
300141254|2
300141475|2
300141629
300141742|2
300142242|2
300142250|3
300142420|3
300142781|2
300143656|2
300144075|2
300144563|2
300144660
300144725|2
300144822|2
300145055
300145098|3
300145764|2
30014587X
30014590X|3
300145918
300145950|2
300145969|2
300146469|2
300146477|2
300146485|2
300146493|2
30014685X
300146876
300148232
300148283
300148321
300148518|2
300148585|2
300149573|3
300151837
300152027
300152132
300155042
30015528X|3
300155344
300155514
300155662
300155719|3
300155840|2
300155964|2
300156227
300156278
300156294|3
300156375
300156405|2
300156456
300156472
300156529|2
300156537|2
300156545
300156626|2
300156871|2
300157142|3
300157185|3
300157266
300157827|2
30015805X
300159099
300159161|2
300162634|4
300162677|2
300164971|3
300165064|2
300165072|2
300165080|2
300165145|2
300165277|2
300165293|2
300165390|2
300165447
300165544|2
300165587|2
300165684
300165722
30016579X|2
300165838
300165927
300165951|3
300166028|2
30016615X
300166222|2
300166354|2
300166400|2
300166508|2
30016663X|2
300168861
300169736|2
300169752|2
300169868|2
30016999X|2
300170084|2
300170165|3
300170238|3
300170289|3
300170327
300170408
300170548|3
300171374|2
300171404|2
300171447|2
30017148X|3
300171722
300171765
300174780
300178727|3
300179634|2
300181671
300186150
300186258|2
300188285
300188366|2
300189567|2
300190166
300190700
300191359
300194773|2
30019711X|2
300201427|2
300201877|2
300204744|3
300205562|3
300205651|2
300208189|2
300208251
300208669
30021099X
300211325|2
300211333
300211554
300211732
300213093|2
300214170
300214189
300214197|2
300216084|3
300216548
300220189
30022026X
300220278
300220332
300220391|2
300220472
30022236X|2
300222440|2
300222459|2
300223013|2
300223560|3
300225792|3
300229356
300229550
30023161X|2
300231628|2
300232098|2
30023466X|2
300235313
300235704
300237537
300238282|2
300241399|2
30024200X|3
300245637|3
300246862|2
30024763X|2
300250134
300252226|3
300252528
30025265X|2
300253478|2
300260423|2
30026108X|2
300264623|2
300269382
300271638|3
300272545
300272766|3
300279426
300279485|2
30028022X
300280432
300284241
300293550|3
300294662
300295367
300296134
300296150
30030112X|2
300305699
300305885|2
300306075
300306091|2
300306105|2
300306210
300306423|2
30030935X
300309511
300312008
300315775
300316321
300323409
30032572X
300327226|2
300331339|3
300334001
300335016|3
300342357
300345526
300346557
300348843
30034936X|2
300358210|2
300358369
300358946|3
300359764|2
300360568|2
30036248X|3
300380143|3
300383398
300384181|2
300391102
300397178
300400357|2
300401027
300402678
300406266
300407645
300407874
300413092
300415079
300415591|2
300424345
300424744
300425902
300428235
300428804|2
300431929|3
300433360
300434243
300437862
300442602
300444400|2
300446152
300447531|2
300454082|2
30046360X|3
300465408|3
300476248
300481128|2
300484615
300485522
300495668
30050313X
300509510|2
300525079|3
300530501|2
30053082X
30053521X
300544960|2
300559348
300560044|3
300560133|2
300560605|2
300560656
300560982|2
300571755|2
300605528
300610971
300629400
300630859
300634234
300638345|3
300642490
300644612
300646909
300647042|2
300654294|2
300654308|2
300659504|2
300667183
300668902|2
300672829|2
300684924
300686439|3
30069170X
300694342
300695799|3
30069590X
300724829
300746423|2
300747373|2
300747381|2
300762763|3
300763417
300763654
300765533
300768931|2
300781946|2
300783604
300784112|2
300808186
300808208|3
300808232|3
300808267|2
300815891|3
300817274|3
300820828
300826613
30085093X|2
300853033
300856784
300862377
300868065
300868707|2
300870116
300880936
300880944
300892608
300898363|2
30090617X|2
300910460
300910789
300911106|2
300917236
300919018|2
300920970
300922396
300923708|3
300933398|2
300935072
300937946|2
30094022X
300953283
300956495|2
300971672
300972776|2
300973748
300979797|2
301000980|2
301007470
301015937
301021678|2
35896086X
35941544X
4009667-1
4020105-3
4021952-5
4040357-9
4127263-8
4127367-9
4127764-8
4145794-8
4153531-5|4
4164013-5
4176737-8|2
4188364-0
4189434-0
4189844-8
4190539-8
4198689-1
4203481-4
4204226-4
4227695-0|2
4234706-3|2
4243948-6
4247025-0|2
4276264-9|5
4276408-7
4298882-2
4317678-1
4327122-4
4329967-2|2
4349652-0
4352602-0
4356571-2
4362542-3|2
4368552-3
4378442-2
4382896-6
4390758-1|3
4399324-2
4399716-8|3
4418076-7
4420634-3
4424800-3
4424921-4
4425045-9
4426034-9|3
4428062-2
4428078-6
4428204-7
4433197-6
4443089-9
4458131-2
4462324-0
4464648-3
4469525-1
4474034-7
4477474-6
4478695-5
4481756-3
4484771-3|2
4485326-9|3
4486014-6|3
4486105-9|3
4486389-5|3
4493513-4|3
4525016-9
4530309-5
4530311-3
4530312-5|3
4530314-9|2
4530316-2
4530321-6
4532036-6|3
4547981-1
4564138-9
4575819-0
4578913-7|2
4629625-6|2
4634304-0
4634311-8
4634314-3
4634661-2|2
4661153-8
4664100-2|3
4667404-4|3
4675429-5|2
4688606-0
4703107-4
4707435-8|2
4716762-2|3
4718195-3|3
4732797-2
4741881-3
4744109-4
4756592-5
4758730-1
4793097-4|3
4831604-0
7549211-8
7561954-4
7561958-1
7567429-4
7573752-8|2
7574586-0|2
7575322-4
7575331-5
7575871-4
7578796-9
7588165-2
7599712-5|3
7606969-2
7616420-2
7629205-8
7642619-1
7644119-2
7650490-6
7666660-8
7667334-0
7667335-2|3
7667341-8
7670202-9
7675892-8
7681783-0|2
7709028-7
7710742-1|2
7714797-2
7719445-7|2
7731144-9|2
7734426-1
7753859-6
7753860-2
7754981-8
7755860-1
7795141-4
7840442-3
7858739-6
TYP-w|3
