#FORMAT: BEACON
#PREFIX: http://d-nb.info/gnd/
#TARGET: http://ww2.smb.museum/ikmk/filter_text.php?filter%5B0%5D%5Bfield%5D=gnd&filter%5B0%5D%5Btext%5D={ID}
#VERSION: 0.1
#FEED: http://ww2.smb.museum/ikmk/beacon_gnd.php
#LINK: http://www.w3.org/2000/01/rdf-schema#seeAlso
#CONTACT: Karsten Dahmen <k.dahmen@smb.spk-berlin.de>
#INSTITUTION: Münzkabinett, Staatliche Museen zu Berlin - Stiftung Preußischer Kulturbesitz
#NAME: Interaktiver Katalog des Münzkabinetts
#TIMESTAMP: 2017-24-05T06:51:26Z
043167969|23
10000578-0|1
10000596-2|20
100014704|2
100026656|2
100029752|11
100031900|2
100047955|323
100068944|1
100081746|14
100085725|2
100116671|11
100123910|1
100127509|3
100192742|9
1002255740|20
1002465-7|41
100254268|1
100265901|2
10030004-2|2
10030673X|1
100374522|1
100407781|2
100428789|39
10044220X|2
100442234|3
100445349|5
100455840|2
100487610|2
100503225|5
100635318|2
100645682|1
100655378|1
100700233|3
100706347|1
100718337|1
100729932|2
100736416|4
10075750-9|11
100782639|3
100791603|1
100858457|35
100940625|4
100941028|2
100941362|3
100943616|1
10094759X|1
100947778|1
100948170|1
10095099X|1
100951007|1
100951783|2
100952135|1
100952518|4
100952526|1
100952674|1
100953441|16
10097679-7|84
10099721X|1
10099792-2|1
101052677|3
101052871|2
101053495|1
101074514|4
101079877|1
101093713|13
101100655|2
101103573|1
101103905|1
101114311|14
101119852|9
1011310-1|2
1011377306|1
1011398133|1
1011481073|2
1011505428|3
10116033X|2
101163703|2
101164548|1
101169283X|5
101193731X|3
1011949660|1
1011949849|2
1012174581|1
1012219305|8
1012292495|1
1012390624|2
1012544834|12
1012563952|3
1012563960|1
1012758257|1
1013069242|22
1013171349|1
1013196252|1
1013332903|1
10133663-9|3
1013431995|1
101420153|1
101444206|12
101463111|1
1014632609|1
1014846994|1
101494084|1
1015025196|1
101508379|3
101509677|9
101509766|1
10152126X|13
10154134-X|37
101547988X|1
1015779565|1
101595239|1
101612841X|2
101640102|2
101659318X|1
1016682549|1
1016849559|1
1016856415|1
1017002509|5
101705913|5
1017426619|1
101744627X|1
1017494576|2
1017521794|1
1017637717|4
101769822|2
1017768889|1
1017954690|1
1018170294|4
1018466282|1
101851418X|1
1018548122|6
1018553002|1
101863309X|1
1018730850|1
101881916|1
101921128|2
1019242795|1
1019561475|2
1019623667|2
1019625015|2
1019738472|1
1019755148|1
101997728|1
102008701|240
102017077|2
102017433|12
102017549|4
102035229|1
1020371080|1
102040095|1
102040109|1
102043302|5
10204337X|1
1020450738|8
1020554177|1
1020595817|1
102072345|7
1020853964|1
1020864958|1
102091176X|1
102104387|1
102109079|1
102109117|1
10210915X|1
102109168|1
102110085|1
102111553|6
102111588|13
102111871|1
102111898|1
102116156|185
102117470|1
10211787X|3
10211790X|2
102117977|11
102120137|23
102120242|1
102120390|1
1021251070|9
10212809X|2
102141126|1
1021753750|1
102204365|19
10222112X|1
102223262|2
102239452|2
102243271|9
102277796|4
102285977|1
102300186|1
1023019787|1
102305617|1
102305889|1
102307229|4
102308888|1
102309567X|1
102309841|9
1023182939|2
1023316463|1
1023470055|1
1023580918|1
102374090|2
102379726|3
102379998|6
1023827859|2
102382913|5
102383006|2
102383146|13
102385173|2
102387567|2
10238794X|2
102391848X|2
102393834|85
102393893|11
102393923|4
102394156|1
102396337|3
102396493|40
102397112|5
102397279|3
102397287|33
102397309|3
102398291|2
102398631|5
102412243|1
1024184749|1
102419353|1
102419396|1
102421064|16
102422249|1
10242232X|4
102425817|107
102426740|10
10242716X|2
102427194|1
102427216|1
102427224|6
10243347X|1
102433801|3
102441758|2
102458235|1
102470286|1
102473374|1
102478619|3
1024787710|2
102478929|1
102517576|3
102518157|10
1025200306|14
1025203488|6
102530963|1
102534020|3
102544646|3
1025486099|2
1025615026|2
102574472|1
102602948|33
102605963|2
102606188|3
102608504|30
102610746|4
1026128161|1
102620997|181
102665591|1
1027093841|20
1027233031|1
102761728|1
102761779|2
102761787|3
102762678|5
102764936X|11
102816921|1
102820651|3
102931852|2
1029883343|34
1030244189|1
103078886|11
103080929|3
103092889|38
103120815|2
103126368|8
1031292802|9
1031393927|3
103143556|1
103146296|3
103146385|2
103146407|3
1031657576|15
1031771573|3
1032033371|15
1032307897|8
1032541202|3
1033144347|2
1033446890|1
1033668133|1
1033720003|10
1033722359|1
1033802654|2
1033815322|2
1033848468|32
1033875368|7
1033883727|17
1033921343|4
103399526|61
1034026224|55
1034146599|1
1034148354|49
1034205838|1
1034210440|1
1034660608|1
103470317X|12
1034708910|11
1034712071|1
103472410X|1
1034910698|1
1034923609|2
1034991167|1
103507608X|2
1035114488|1
1035135566|7
1035164086|9
1035214199|2
1035423456|1
1035424207|1
1035605252|13
1035799650|1
1036103145|2
1036111911|1
1036338363|1
1036490483|6
1036605949|7
1036633993|2
1036841170|1
1036932265|32
1037042379|1
103704858X|3
1037054571|1
1037383885|1
103785814X|1
1038031451|1
1038109671|1
1038281695|2
1038547938|2
1038590515|1
104045299|1
104045396|1
104086491|1
1041239351|19
1041250312|3
1041339089|7
104140623|1
10414193X|10
1041648057|3
1041697880|1
1041702620|4
104173327|2
104173734|1
104175257|1
104175354|1
104177624|1
104183055|1
104183284|3
10418356X|1
104183772|1
10418440X|9
104194650|4
104194693|5
104194871|1
104196645|1
104201517|1
104201606|1
104209119|17
10421242X|3
104212543|1
1042166781|1
1042179581|1
104226015X|4
1042260257|1
104234644|3
104237392|2
104238410|4
104238445|167
104254173|1
104254254|1
1042652996|1
104275405|2
104277122|1
10427817X|2
104279044|1
1042852707|3
104305491X|38
1043080317|3
1043111336|2
104311886|1
104327235|11
104329394|7
104334029|1
104335574X|4
1043400206|8
104340932|18
104345462|8
1043462813|1
104376600|1
1043790675|4
1043834362|2
1043938192|2
104404828X|6
1044409819|3
1047495465|48
1048190714|2
1049395069|1
1050421442|1
1050484134|2
1050522885|1
1050550145|1
105055521X|60
1050829336|23
105105687X|5
1051212634|3
1051214033|63
1051216702|2
105132646X|5
1051519969|2
105190384X|1
1052431712|4
1052517269|5
105268798|7
105284270|2
1052855741|1
1053069308|106
105443381X|1
1055349286|1
1055350071|936
1055778128|7
1058243896|2
1058604759|2
1059952734|4
106015384X|1
106102621|1
1061442144|2
1065484798|1
1066260281|1
1066272441|1
106631314|55
1068176687|1
1068884452|1
107053871X|7
1071830333|1
1073069370|2
10738373X|1
1074149394|28
107439670|410
107458055|1
107476800|4
1080331-2|4
1082778060|3
108484106|189
108495175|9
1090643950|1
1096370-4|1
109768272|1
1107621356|14
111842867|1
112075231|1
112085423|1
112258417|1
11310619X|3
114148902|6
115357254|1
115362320|5
115363688|1
115378626|1
115388508|10
115395792|1
115399755|1
115460403|1
115471979|2
115497595|8
115502572|1
115524991|3
115526641|57
115561897|9
115612106|1
11564976X|1
115667636|2
115689281|1
115710264|28
115795634|3
115823239|4
115841938|3
116004037|23
116008652|1
116011661|1
116014202|1
11602819X|4
116048239|2
11605638X|1
116057734|3
116069554|10
116074469|6
116076879|27
116081929|2
11610466X|22
116109114|1
116115769|2
11611861X|27
116133449|2
11614338X|29
116145536|1
116159081|7
116161736|1
116168862|4
11617823X|1
116179198|7
116186402|3
116192666|23
116195800|5
116195835|1
116200790|3
116217944|4
116218010|258
116235489|4
116243163|6
116267542|1
116269553|18
116273763|1
116285524|12
116285923|3
116287489|5
116287829|1
116292806|1
116302097|9
116312246|1
116323698|2
116358513|196
116364718|6
116386924|1
116390948|82
116409398|1
116411430|7
116411465|327
116415738|4
11643340X|2
116433728|1
116439777|2
116447265|1
116471158|2
116481633|1
116492163|1
116502355|40
116504579|4
116529601|2
116537159|1
116550295|3
116558547|21
116563346|3
116563508|1
116571101|2
116574216|6
116574534|2
116575816|1
116576200|1
116583126|3
116621257|6
116630175|7
116653256|7
11666827X|2
116675799|222
116678909|7
116682949|10
116700033|2
116713712|2
116739541|19
116748486|2
11675642X|2
116763752|4
116765488|46
116766557|9
116777273|1
116777753|80
116787287|1
116788771|11
116792825|19
116796634|1062
116797266|9
116817879|12
116836121|1
116842253|2
116846216|13
116850965|1
116859288|2
116862858|4
116874406|535
116876085|99
116884061|1
116891270|1
116898712|10
116902183|5
116904488|22
116914009|1
11691954X|2
116929251|2
116939818|1
116945524|1
116949651|1
116954868|1
116968265|1
117003360|1
117011932|7
117033405|1
117037486|3
117048933|1
117058327|77
117064114|1
117066540|9
117070076|1
117072532|1
117080187|1
117091499|2
117108901|5
11712110X|1
117123560|5
117135720|8
117137332|1721
117142948|19
11714486X|2
117166642|2
117176567|1
117176958|1
117179795|1
117184888|2
11719879X|3
117212822|1
117214574|1
117239356|5
117245798|4
117251364|1
11725438X|9
117267899|2
117296597|1
117306754|1
117319813|1
117319821|5
117319848|1
117321516|3
117347655|1
117348295|1
117350591|1
117350974|1
117354732|1
117360708|1
11736424X|25
117364541|1
117370908|6
117388300|4
117390089|21
117390828|4
117392634|7
117395218|2
117396818|6
117397636|2
117413232|2
117427055|1
117433853|1
117447013|2
117451118|25
117459879|1
117465224|1
117470147|14
117472514|10
117497819|1
117505161|1
117505471|1
117507741|1
117508470|1
117508500|2
117509760|1
117511161|1
117511730|1
117515663|2
117527483|2
117529966|1
117552577|3
117567485|1
117570885|1
117578533|1
117578983|5
117603074|3
117604062|1
117611093|1
117619426|5
117622443|407
117623091|1
117624624|2
117630527|5
11763252X|1
117638099|1
117639176|2
117643718|1
11765129X|2
117654108|1
117665096|2
117669741|3
117677256|10
117677337|11
11768600X|1
117700193|1
117731218|1
11773702X|2
117747475|2
117753416|1
117761052|1
117762512|1
117762601|1
117764310|2
117764434|1
117764787|1
118002805|2
118014145|2
118017985|27
11803698X|1
118042114|1
118052632|2
118052640|1
118147587|1
118175017|3
11850049X|1
118500597|1
11850066X|7
118501097|63
118501100|23
118501607|2
118501615|1
118501828|486
118501844|1
118501852|5
118501860|1
118501909|5
118501925|3
118502530|1
118503235|1
118503367|7
118503375|2
118503391|1
118503405|4
118503413|8
118503472|1
118503480|20
118503499|168
118503529|263
118503685|1
118504363|2
118505084|7
118505092|96
118505122|1629
118505483|1
11850553X|2
118505963|1
118505971|2
118506145|1
118506617|2
118507028|3
118507893|1
118508210|1
118508288|3
118508326|1
118508466|1
118509225|1
118509489|4
118509926|1
118510029|2
118510320|3
118511114|4
11851136X|6
118511882|1
118512064|1
118512366|1
118513052|11
11851444X|2
118514768|1
118515055|1
118516361|47
118516884|1
118517775|1
118517880|1
118518208|2
118518275|170
118518410|183
118518534|1
118519700|2
118519840|4
118519875|3
11851993X|2
118520180|1
118520458|2
118520652|9
118520695|2
118520776|1
118520814|1
118521063|201
118521071|20
118521713|104
118521969|113
118522280|1
118522418|1
118522698|2
118522841|2
118523023|1
118523287|3
118523422|1
118523708|1
118523813|1
118524623|6
118524844|1
118525123|1
118525239|1
118525530|109
118526103|1
118527223|1
11852786X|5
118528114|1
11852853X|1
118528572|2
118528610|1
118528696|1
118528718|1
118528939|4
118528955|3
118528971|6
118529056|1
118529579|3
118529870|6
118529889|63
118529943|2
11853033X|1
118530666|1
118530755|1
118530852|1
118530887|2
118530925|5
118530933|3
118531328|1
118531379|1
118531875|1
118532111|78
118532502|9
118532510|8
118532529|5
118532537|8
118532847|2
118533495|1
118534173|1
118534262|1
118534688|1
118534947|5
118534955|4
118534963|1
118535005|1
118535013|14
118535633|1
118535641|1
11853565X|6
118535668|11
118535676|1
118535684|81
118535730|116
118535749|3644
118535757|23
118535765|44
118535773|6
118535781|1
11853579X|6
118535803|1
118535862|2
11853596X|67
118535978|52
118535986|86
118535994|58
118537245|1
118537334|67
118538535|4
118538543|3
118538608|2
118538659|2
118538748|60
118540238|14
118540793|117
118540874|5
118540963|1
118541897|1
118542273|1
118542354|2
118542850|1
118543059|1
118543415|1
118543725|1
118543733|7
118543768|4
118543938|7
118544225|1
118544373|159
118545906|4
118546058|3
118546937|1
118547615|1
118547623|3
118547739|1
118548018|1
118548166|2
118548174|2
118548182|1
118548190|8
118548204|2
118548255|10
118548263|6
118548271|14
11854828X|10
118548298|11
118548301|3
11854831X|4
118548336|24
118548468|25
118549553|3
118549618|3
118549707|1
118549847|4
118549855|1
11855042X|1
118550578|2
118550934|4
118551264|12
118551655|1
118551817|2
118551906|1
118552104|5
118552341|1
118552589|1
118552759|1
11855333X|16
118554190|1
118554700|8
118554727|3
118554948|3
118555049|1
118555669|1
118555677|17
118555928|6
118556177|1
118557432|7
118557513|105
118557556|25
118557742|2
118557793|1
118557912|1
118558064|6
118558390|8
118558404|3
118558420|1
118558668|101
118558684|10
118558714|10
11855896X|46
118559796|3
118560026|3
118560034|64
118560042|3
118560050|1
118560069|1
118560085|10
118560093|33
118560107|1
118560115|3
118560123|3
11856014X|4
118560158|2
118560166|1
118560174|1
118560182|1
118560190|3
118560212|5
118560425|3
118560565|20
11856109X|2
118561448|3
118562827|1
118563076|5
118563114|1
11856322X|14
118563335|1
11856384X|2
118564943|2
118565079|7
118565087|2
118565141|1
118565176|1
118565184|790
118565192|52
118565222|2
118565273|1
11856806X|3
118568272|1
118569015|1
11856935X|3
118571249|7
118571516|1
118571842|2
118571850|3
118571869|5
118571877|1
118572121|3
118572695|2
118572865|3
11857308X|1
118573675|3
118573861|12
118574248|46
118574418|2
118574469|1
118574515|1
118574825|1
118574841|3
118574868|36
118574884|5
118574892|1
118574906|3
118574914|1
118574930|3
118574949|7
118574957|5
118574965|4
118575155|8
118575341|1
118575422|1
118575449|17
118575775|1
118577018|1
118577131|1
118577166|2
118577468|166
118577573|1
11857776X|4
118577778|1
118577808|3
118577867|7
118577891|2
118578286|1
118578537|6
118579029|5
118579347|1
118579355|2
118579371|25
11857938X|2
11857941X|1
118579428|1
118579436|2
118579444|29
118579452|122
118579703|1
118580485|4
118580744|2
118580914|1
11858099X|1
118581775|1
118582143|1
11858278X|1
118583166|2
118583425|4
118584138|2
118584596|6
118585533|1
118585975|1
118586300|1
118586408|11
118586416|2
118586939|1
118586998|367
118587595|2
118587951|1
118587978|1
118588079|11
118588087|2
118588893|8
118589024|1
118589040|1
118589938|2
118590200|1
118590391|1
118590758|24
118590766|11
118590774|8
118590898|2
11859169X|1
118592068|2
118592912|1
118592939|2
118592955|7
118593811|9
11859382X|2
118593838|7
118593846|3
118593854|3
118593862|7
118593870|8
118593943|2
118594117|1
118594540|57
118594613|27
118594702|1
118594710|2
118594753|1
118594818|3
118595512|1
118595636|34
118595652|30
118595989|19
118596713|1674
118596721|1
118596926|43
118596934|10
118597248|2
118597787|1
118597922|1
118597973|1
118598546|25
11859964X|1
118599968|3
118600257|4
118600273|1
118600354|1
118600885|1
118601121|2
118601717|1
11860211X|2
118602586|1
118603701|19
11860371X|3
118605097|1
118605933|1
118606115|5
118606220|1
11860645X|1
118606557|1
118607057|1
118607626|2
118607782|8
118608045|2
11860841X|1
118610066|1
118610961|1
118611615|1
11861214X|5
118612409|1
118613154|1
11861357X|314
118613723|2
118614053|1
118614185|11
118614193|7
118614215|8
118615033|1
118617273|3
11861777X|1
118618474|2
118618725|1
118619063|1
11861911X|1
118620045|1
118620126|1
118620703|1
11862167X|18
118621742|15
118622501|264
118622676|2
118622870|3
118622951|400
118623567|127
11862444X|1
11862492X|1
118625284|2
118625357|9
118625586|2
118625942|31
118626574|1
11862671X|764
118626868|8
118626876|14
118626981|6
118627198|5
118627481|1
11862783X|2
118628038|2
118628208|3
118628755|15
118628976|1
118629484|1
118630091|1
118630938|1
118631349|24
118632884|38
118632892|73
118632906|4
118632930|1
118632949|1
118632965|1
118633058|1
118633112|1
118633791|5
118634224|1
118634453|4
118634666|1
118635298|1
11863562X|1
118636421|1
118636545|4
118636863|1
118637126|1
118637304|2
118637606|1
118637649|1
118637665|2
118637673|7
118637681|1
118637789|2
118638521|1
118638890|193
118638904|1
11863982X|7
118639889|3
118639927|2
118640100|9
118640119|8
118640208|1
118640437|3
118640658|50
118640879|2
118640917|1
118641018|1
118641026|142
11864162X|8
118641794|11
118641972|2
118642499|1
118642545|1
11864260X|5
118642731|1
118643150|43
118643169|1
118643347|1
118643355|5
118643401|5
118643576|1
118643789|1
11864405X|28
118644270|1
118644327|1
118644343|1
11864436X|6
118645099|42
11864534X|19
118645994|2
118646133|1
118646974|3
11864713X|1
118647245|5
118647571|1
118647717|3
118647725|2
118647733|9
118647768|1
118647776|4
118647954|2
118647989|3
118648098|5
118648101|2
11864811X|3
118648233|22
118649450|2
118649469|1
118649485|2
118649507|2
118649574|2
118649639|7
118649647|4
118650440|1
118650513|6
118651102|3
118651129|4
118651161|19
11865117X|29
118651870|1
118653032|1
118653520|1
118654160|5
118654179|5
118655183|1
118655833|8
118656430|136
118656724|1
118660020|1
118661183|27
118661469|1
118661957|1
118661981|2
118662074|12
11866302X|1
118665200|1
118667041|362
11866784X|1
118667947|2
118667963|7
118669524|1
118672231|681
118674730|1
118675990|1
118676040}|1
118676059|11
118676075|1
118676407|3
118676768|3
118676903|7
118679651|115
118679732|1
118680056|2
118680889|1
118682296|1
118682474|2
118682555|1
118683756|1
118683837|1
118684078|2
118684353|1
118684450|1
118685546|1
118685562|3
118686240|21
118686488|2
118686712|7
118686720|3
118686747|4
118686763|1
118687867|6
118687883|12
118687921|1
118688634|1
118688642|59
118689274|4
118689436|1
118689797|3
118690337|3
118690450|6
118690469|3
118690485|10
118691988|2
11869247X|3
118692925|4
118692984|2
118693484|32
118693522|3
118693611|3
11869362X|27
11869376X|1
118694022|1
118694146|6
11869474X|54
118695223|2
118696319|2
11869720X|11
11869877X|1
118699164|2
118699288|1
118699431|1
118701932|2
118702297|16
118702793|39
11870317X|15
118703188|1
118703218|1
118703242|1
118703560|1
118704672|5
118704788|3
118705237|2
118706462|1
118706934|14
118707191|1
118708171|1
118709755|12
118709763|2
11870978X|2
118709798|5
118709887|5
118710117|4
118710842|1
118711520|1
118711539|1
118711547|1
118711555|31
118711962|1
118712039|1
118712284|1
118712314|1
118712322|1
118712373|4
118712381|1
11871239X|1
118712411|1
118712446|1
118712454|4
118712497|1
118712551|1
118713175|1
118713892|2
118713930|10
118713949|2
118714058|4
118714082|1
118714090|5
118716166|237
118716891|1
118716905|3
118716913|11
118716921|3
118717030|5
118717057|18
118717154|124
118718444|1
11871869X|1
118719777|1
118720856|2
118720864|4
118720937|5
118720953|2
11872116X|1
118723502|1
118723510|2
11872536X|1
118725424|232
118725866|1
118727486|1
118727648|2
118727664|1
118727699|1
118728792|1
118729225|1
118729373|5
118729411|2
11872942X|4
118729462|1
118729500|1
118729667|1
118730029|1
118730177|148
118730983|1
118731440|1
118731610|1
118732145|26
118732463|1
118734210|2
118734520|2
11873492X|3
118735454|1
118735942|4
118736183|1
118738712|1
118738739|1
118738747|2
11873931X|1
118739530|14
118739557|2
118740180|2
118740652|1
11874108X|1
118742159|2
118742167|10
118742175|18
118742183|2
11874223X|131
118742272|4
118742345|2
118742558|3
118743058|6
118743813|2
118744526|2
118745743|1
118746200|16
118747940|2
118749218|1
118750410|2
118751182|1
118751530|4
118753495|3
118754327|2
118754815|1
118756885|18
118757369|5
118760327|1
118762168|6
118763857|3
11876439X|7
118764659|264
118764942|1
118765671|3
11876618X|1
118767321|7
118767801|13
118768255|3
118768263|3
118768522|1
118768530|1
118769375|1
11877171X|1
118771728|1
118771841|1
11877185X|9
118771892|3
118772430|2
118773712|2
118773720|1
118773828|3
118774220|1
118774344|1
118775731|1
11877574X|1
118775812|1
118775820|1
118775839|1
118775847|1
118776088|1
11877610X|4
118776746|1
118776754|6
118776762|3
118776770|1
118776800|6
118778099|21
118779141|1
118779540|3
118779567|5
11878000X|1
118780514|3
118780719|1
118780735|6
118780743|2
118781391|6
118781642|1
118781707|1
118781766|3
118782339|2
118782908|2
118783246|2
118783866|1
118784595|3
118785354|6
118785478|1
118785850|1
118785931|40
118787357|43
118787411|1
11878742X|1
118787713|1
118789058|1
118789066|16
118790463|3
11879048X|6
118790498|2
11879051X|2
118790528|2
118791079|5
11879129X|1
118791605|6
118791613|3
118791842|1
118791850|1
118791885|3
118792091|1
118792288|1
118792393|3
118792423|4
118792431|1
118792652|2
118792733|1
118792970|1
118793446|14
11879356X|10
118793675|2
118793691|4
118793934|15
118794124|1
118795031|1
118796844|1
118797026|1
118797085|1
118797158|1
118797476|3
118797891|1
118797913|1
118798022|5
118799193|1
11880099X|2
118801309|1
11880152X|1
118801694|9
118803034|1
118803131|3
118803514|1
118803522|1
118803743|16
118803824|1
118804405|10
118804545|1
118805479|2
118805495|112
118806645|2
118807188|45
118807331|1
118807358|1
118807382|1
118808818|1
118808850|1
118810359|1
118812920|4
118814869|1
118816829|66
118817329|6
118817884|38
118817906|32
118818252|2
118820745|5
11882080X|2
11882208X|1
118822330|3
118826816|1
118827839|2
118828622|2
118831674|1
11883245X|1
118834657|5
118835319|1
11883794X|2
118838105|4
118838385|1
118842536|5
118847422|4
118848399|2
118848445|9
118849999|5
118850199|1
118851225|1
118852329|1
118852396|1
118854356|2
118854801|1
118856170|1
118856456|1
118861913|2
118863096|2
118863525|2
118863576|4
118863746|2
118865838|5
118867091|5
118867741|2
118868896|6
118869590|1
118870300|50
118871099|1
118878794|1
118882945|1
118883151|3
118883747|1
118885294|1
118885405|1
118886746|4
118890123|1
118890409|32
118892851|1
118895885|1
118896156|1
118897667|2
118898434|1
118901435|4
118901486|5
118904213|3
118907255|1
118907417|1
118908391|1
118910914|2
118913158|22
118915932|96
118917218|2
118919083|1
118919423|1
118919717|1
118920758|2
11892396X|7
118924710|1
118925059|2
118926802|1
118928651|1
118931962|19
118935100|1
118936794|1
118940813|2
118941135|2
11895363X|1
11895458X|1
118957988|1
118958089|1
118958410|6
118958445|1
118959743|2
11896030X|4
118961640|4
118962558|1
118966669|111
118967444|1
118969080|6
118971298|1
118971344|1
118974173|1
11897470X|11
118975919|1
118979965|1
118980289|2
118982788|1
118983083|2
118987224|1
11898831X|3
118988328|1
118990217|4
118990314|1
118990543|1
11899610X|1
118996452|4
118996584|3
118998447|6
118998781|1
118999346|5
119001527|1
119004615|1
119006693|10
119009250|2
119009927|1
119015757|5
119016079|7
119016184|1
119016478|6
11901954X|2
119020688|1
119022397|5
119022524|1
119025329|1
11902716X|57
119027380|3
119029243|1
119034921|17
119044080|10
119046482|5
119050870|6
119053071|1
119060450|1
119066777|1
119070758|1
119072645|29
119072831|2
119076462|1
119077647|1
11907978X|2
119080419|14
119084147|1
119084678|8
119091364|1
119092085|2
119092344|3
119094304|1
119095777|3
119098164|5
119098245|22
11909990X|1
119100320|1
119103427|5
119104385|3
11910539X|2
119108062|1
11910847X|1
119108542|1
119113422|1
119116421|4
119116944|1
119117037|2
119118416|36
119120658|1
119120674|1
119121344|2
119121468|4
11912517X|8
119127997|1
119129566|13
119132893|12
119133458|3
119135574|4
119137356|1
119138018|1
119138026|3
119139162|2
11913988X|1
119140829|3
119144948|29
119145111|5
119149389|1
119151197|2
119159589|73
119160978|4
119162156|1
119162547|1
119162679|30
119163608|4
119165198|5
119166291|1
119166305|1
119167158|9
119167182|1
119168723|3
11916955X|11
119172011|1
119178265|3
119181606|7
119185148|1
11918530X|4
119186640|3
119187620|1
119190230|3
119195380|1
119195798|1
119195860|1
119197391|1
119197804|12
119198932|12
119200457|2
119200570|1
119200767|1
119203111|3
119209853|1
119212064|2
119212323|1
119212471|1
119214644|21
119217481|1
119218968|8
119221225|1
11922190X|1
119226014|33
119226510|2
119228130|1
119229048|1
119229293|1
119230194|2
11923212X|4
119233339|1
119236559|23
119237512|2
11923923X|1
119241803|1
119241811|23
119243334|8
119244292|1
119247216|1
119251221|1
119256843|4
119261219|1
119262681|1
11926353X|1
119264900|1
119265737|1
119270048|1
119272334|1
119272830|2
119272849|1
119273187|61
119277301|2
119278219|4
119282380|12
119283891|4
119286327|4
119291592|1
119297140|1
11930466X|1
119306735|1
119307421|6
119308339|1
119312700|3
119315262|19
119319217|1
119334364|1
119337711|1
119343029|6
119356295|1
119357585|1
119358093|3
119360640|1
119360675|1
119362341|1
119367475|1
119371863|1
119377055|1
119379279|3
119382091|2
119383535|1
119383845|42
119389118|22
119391856|5
119392895|11
119393719|2
119399679|4
119400839|7
119403706|7
11940429X|1
119427303|1
119430800|1
119431386|1
119433680|9
119440679|1
119442086|1
119442620|10
119443481|1
119446359|2
11944755X|5
119456605|1
119458446|15
119462818|1
119462834|1
119465728|1
119469081|4
119477505|1
119485680|4
119489015|3
119495279|1
119498766|4
119498774|2
119501449|1
119505363|1
119515016|5
119522845|1
119523531|4
119527359|1
119532352|1
119536420|1
119540789|4
119544687|1
119545209|1
119545373|1
119545411|1
119546256|2
11954931X|4
119549999|2
119554135|1
119559013|1
119559714|1
119560119|4
119560291|2
119661411|1
119721-6|40
119749130|1
119853558|2
120007533|1
120011271|2
120063832|1
120063840|1
120063859|5
120065703|11
120108801|2
120174952|6
120174960|6
120182815|2
120182955|2
120193795|9
120210053|3
120251973|1
120270145|1
120388642|1
120417545|1
120438879|1
120453398|1
120461730|4
12050202X|3
120527839|1
120532611|1
120633728|1
120667908|1
120723875|1
120736268|3
120746921|1
120752530|2
120810212|1
120812959|28
120828863|2
120849461|1
120867907|18
120882523|1
12089260X|1
120911450|2
12099819X|1
121012751|1
121014940|1
121026019|1
121035298|35
121035840|3
121047156|11
121052893|15
12105876X|36
121066762|113
121095282|8
121114244|5
121117081|26
121119521|1
12112262X|1
121124835|1
121129373|1
121141594|1
121166546|6
121190188|2
12119468X|3
121280047|26
121316297|1
121328430|1
12136903X|9
121396754|26
121418294|19
12145665X|2
121484270|1
121489809|40
121506533|2
121523225|1
121523373|5
121540243|1
121544257|1
121570223|8
121600092|1
121612252|3
12161431X|1
121620468|24
121667456|1
121733394|2
121774694|1
121782735|2
121808203|2
121823946|1
121838951|2
121906914|1
121930718|8
121938697|2
121953068|1
121977056|1
122023153|1
122061861|1
122111400|1
122203194|6
12222311X|30
12222518X|2
122239709|14
122243668|1
12225290X|1
122254260|1
122266994|2
122271122|2
12227170X|2
122277147|15
122297105|1
122377680|3
122385799|1
122479955|1
122479963|1
122495497|28
122515870|1
12252943X|4
122651634|1
12265515X|27
122673093|9
122685490|1
122685806|1
122703057|14
122703863|2
12270911X|9
122721888|11
122755413|2
122793064|1
122835654|2
122841123|4
122841999|1
122868218|1
122880579|5
12289278X|2
122914899|3
122956699|1
122970470|1
12300330X|1
123011884|1
123014476|21
12302000X|1
123038162|2
123108314|51
123157641|7
123160081|1
123165350|1
123208114|1
1232248-9|12
123227658|1
123257956|3
123258049|2
123258219|2
12325826X|3
123289033|50
123293243|1
12330492X|3
123324432|2
123437849|2
123490294|2
123496489|1
123497507|14
123498570|1
123500818|1
123510481|1
123510511|1
123545501|5
123545773|1
123551056|2
123551757|1
123556562|1
123576733|6
123579414|2
123676959|1
12368501X|10
123685060|3
123685184|29
123685958|1
123779952|25
123836662|1
123861713|9
12388957X|44
123899168|1
123946298|69
123946301|16
123951100|1
124003087|1
124004873|3
124012701|2
124015905|1
124017177|3
124062334|2
124198120|1
124198244|9
124201229|1
124234550|1
124281745|1
124321852|13
124324770|1
12433072X|2
124349102|4
124388140|1
124409261|2
124411592|1
124456049|43
124476090|1
124485979|1
124500978|1
124505716|58
124521940|1
124541496|1
12456870X|3
124612474|10
124663257|608
124665349|1
12466900X|3
124745938|9
124766870|1
124789293|1
1248016-2|7
1248024-1|25
124832946|5
124843778|1
124845789|2
124868134|2
124878997|4
124912974|18
124983847|5
124986536|1
125011628|3
1250256-X|4
125844611|46
125943-X|1
126520356|5
126724644|1
126925321|3
127443940|1
127566201|1
127708103|5
127793216|1
127828966|1
127859578|2285
127890343|6
128233079|11
128352493|1
128377267|14
128420634|1
128437421|21
128444428|2
12845718X|2
128514124|2
128549084|1
128571470|2
128610697|1
128673915|28
128744405|3
128746718|7
128752882|4
128770201|1
128774398|44
12877505X|5
128820020|2
128838442|6
128938552|1
128964421|3
129021482|1
129038393|3
12904220X|6
129063800|8
129068772|36
129069930|7
129072060|3
129073660|1
129107654|6
129113204|2
129114227|3
129125903|1
129149683|1
129150169|1
129164178|2
12918070X|2
129182834|1
129254800|1
129254843|3
129270172|5
129271349|2
129272477|1
12929540X|2
129310964|2
12932521X|1
129344966|18
12939159X|1
129420840|6
129432466|1
129523291|2
129555215|1
129587125|1
129636525|1
129637610|2
129674850|1
12974316X|1
129781533|1
129822752|2
129880019|2
130018163|1
130044474|2
13012009X|1
130145300|1
130164755|1
130226238|1
130235172|1
130249424|3
130468827|1
130473774|1
130534994|4
130535184|5
130571466|1
130588423|1
13066040X|3
130836583|1
131345311|8
131349953|4
131373757|3
131410806|3
131443291|1
131528270|31
131536362|1
131615882|2
131755307|1
131762575|1
131846450|3
131877895|7
131949942|1
132122669|1
132134454|2
132204495|2
132210843|1
132308169|5
132308231|5
132308274|4
132308304|24
132308479|29
132310104|1
132333112|1
132374773|1
132387336|1
132409496|4
132522136|1
132590220|1
132654660|1
132716186|1
132814412|1
132859173|4
132889730|1
132973464|4
133052702|88
133096939|1
133100391|1
133100723|1
133159183|1
133171884|1
133272605|2
133274942|1
133288463|2
133445755|2
133454916|1
133482545|2
133500780|3
133505456|1
133506258|1
133534138|1
133536025|2
133562344|4
133571262|7
133573532|1
133584887|1
133594998|2
133595935|1
133680525|2
133692558|1
133701557|7
133754820|13
133755150|4
133801772|1
133821889|1
133878724|2
133950190|1
133966984|1
133982424|3
134071050|1
134111540|2
134143906|1
134185307|1
134207149|1
134213173|3
135554764|1
135629845|2
135664470|1
135670780|1
135687217|1
135697875|1
135707986|3
135713730|26
135734665|2
135743362|1
135761093|1
135785553|1
13578588X|2
135805333|2
135862825|3
135868157|1
135902711|1
135904986|2
135913837|1
135925312|2
13592619X|7
13593169X|1
135943094|3
135950120|2
135951429|3
135958814|1
135958911|1
135960738|3
136009336|1
136009727|2
136024661|2
136025188|1
136154271|3
136192564|1
136197639|1
136222765|1
136223753|2
136250734|8
136254144|10
13633329X|1
136418988|1
136419593|1
136421490|1
136456529|1
136490212|1
136505988|1
136605850|2
136648185|1
136667236|3
136671357|8
136719651|1
136720854|3
136723934|2
136724361|1
136724442|7
136724485|2
136724515|1
136730795|2
136798683|1
136816703|1
136818986|1
136828469|2
136844758|1
136871135|2
136871267|3
136892639|2
136902332|1
136910203|1
136911323|1
136912168|1
136912990|1
136946291|1
137034946|1
137093594|1
137133650|1
137161417|1
137213131|2
137219628|1
137260687|1
137317794|2
137324529|17
137326653|1
137326955|1
137326998|1
137338805|1
137338902|1
137346204|2
137408641|2
137409265|1
137409346|1
137421192|2
137475683|29
137500246|2
137525710|1
137529511|1
137530072|9
137531311|4
137532237|1
13754037X|1
137553366|1
137592094|1
137594860|1
137728271|1
137788355|1
13779150X|1
137807252|1
137840039|1
137840624|1
137844662|2
137844859|1
137845944|1
137847831|1
137885172|2
137944918|4
137946554|4
137946635|1
137949839|1
137949928|2
137950187|3
13795462X|19
137956770|6
137957068|4
137957408|1
137976194|1
138018383|2
138058482|4
138076804|1
138081964|15
13830551X|6
138330301|1
138341184|1
138342385|2
138356130|5
138419280|1
13842134X|2
138421587|1
138455074|13
138457700|6
138457735|4
138457794|1
138459517|2
138461120|44
138463395|6
138490589|2
138582858|1
138600716|1
138649235|2
138733422|1
138734763|1
138744009|1
138769397|1
138775516|4
138786267|19
138795908|1
138834938|1
138834997|4
138843317|2
13887073X|3
139104232|1
139111794|1
139112251|3
139121005|263
13914370X|3
139148477|3
139148590|2
139154205|4
139226079|1
139234314|1
13925546X|1
139287485|1
139399240|1
139408479|1
139423087|1
139577556|1
139653503|20
139711953|1
139722726|1
139752161|1
139851720|3
139874240|1
14044162X|2
140595449|2
140806121|1
140832165|1
140956743|11
141121033|4
141122285|1
141151862|1
141238836|1
141439297|1
141631031|1
141642343|111
141673745|2
141762861|2
141775521|1
141775807|1
142009865|2
142055557|67
142234486|1
142252336|1
142257982|13
142337919|1
14237783X|1
142521035|18
142538655|15
142573000|1
142604089|4
142605514|2
142659800|1
142676152|1
142787035|2
142974382|3
143210726|2
143210777|1
143241125|6
143301632|3
143302108|3
143324667|10
143624598|23
143661981|1
143695614|1
143778765|71
14379258X|1
143813986|1
143865161|3
143870947|4
143871455|197
14397159X|2
144011980|1
144027615|2
144029251|2
144055759|1
1500026-6|19
1500091-6|4
1500092-8|29
154498831|1
155070274|2
155535110|2
15715775X|1
157936384|2
16018484-8|32
160190053|25
16038197-6|37
16076602-3|28
16115562-5|145
16149219-8|10
16151527-7|11
16173937-4|4
16319235-2|1
16325406-0|4
16330436-1|1
170279251|1
170379965|11
172311438|1
172671949|1
17295567X|7
173750281|1
17411558X|9
174116365|1
174175493|1
174177828|1
174181256|1
174210515|100
174269528|2
174314639|1
174369107|1
174375700|12
174378092|30
174382219|1
1800199-3|11
180731289|1
180794787|12
18572741|1
185882307|1
187054460|1
187738866|1
188431926|1
188445005|1
18847224X|4
188887725|3
189227796|1
189406437|1
189423692|1
189478802|1
189532505|2
189544449|5
189554061|22
189563702|1
19006-8|54
2005799-4|1
2007858-4|97
2011815-6|295
2015162-7|4
2015517-7|4
2019330-0|1
2022271-3|1
2024162-8|4
2029819-5|1
2040972-2|112
2051328-8|17
2070231-0|4
2071989-9|15
2078916-6|31
2118685-6|1
2123821-2|2
215606-4|3
230026-6|23
252529-X|27
3006963-4|3
3008977-3|1
3009228-0|29
3015324-4|74
3038614-7|1
3044248-5|74
35250-0|12
35266-4|15
37089-7|6
37321-7|3
38379-X|2
38771316|1
38996-1|9
4011699-2|63
4066668-2|3
41389-6|4
4208361-8|45
42359-2|21
4285704-1|79
4328250-7|1
4371877-2|15
4672945-8|1
4766952-4|18
4809485-7|27
5006134-3|2
5010101-8|111
5010491-3|83
5035657-4|77
5035696-3|1
5035773-6|24
5051643-7|5
506241-X|3
5097094-X|4
5105710-4|1
511366-0|220
5114174-7|2
5121238-9|24
5121242-0|229
5121245-6|29
5121297-3|2
5121298-5|1
5121309-6|90
5121310-2|7
5121311-4|111
5121362-X|3
5121499-4|1
5121956-6|4
5124550-4|24
5132119-1|9
5151385-7|3
5152683-9|2
5174688-8|5
5186094-6|1
5191183-8|3
5297382-7|18
5508195-2|3
6025398-8|8
6077388-1|82
6104952-9|39
6117885-8|90
6119558-3|21
6127383-1|1
62465-2|18
63980-1|226
670715-4|1
7631825-4|1
942651839|6
