#FORMAT: BEACON
#VERSION: 0.1
#FEED: http://www.virtuelles-kupferstichkabinett.de/service/beacon
#TARGET: http://www.virtuelles-kupferstichkabinett.de/service/beacon?gnd={ID}
#PREFIX: http://d-nb.info/gnd/
#NAME: Virtuelles Kupferstichkabinett
#DESCRIPTION: Digitalisierung und Erschließung der graphischen Sammlungen des HAUM und der HAB
#CONTACT: Wolfenbütteler Digitale Bibliothek (maus@hab.de)
#INSTITUTION: Herzog August Bibliothek Wolfenbuettel
#INSTITUTION: Herzog Anton Ulrich Museum Braunschweig
#ISIL: DE-23
#MESSAGE: Eintrag im Virtuellen Kupferstichkabinett (VKK)
#UPDATE: weekly
#TIMESTAMP: 2017-05-24T08:51:27+02:00
001514887|1
001653731|12
004572512|1
004755847|2
006672175|1
007474938|100
100000231|364
100001343|1
100002188|1
100007325|9
100011071|1
100013376|3
100021174|1
100024483|34
100029752|21
100030378|1
100031900|6
100033067|1
100041361|1
100045561|1
100046797|2
100048897|18
100049923|1
100051200|7
100052762|1
100053254|3
100054315|21
100058752|1
10006096X|180
100062903|2
10006664X|1
100070043|1
100074642|2
100075657|1
100077609|19
100078079|1
100081266|1
100081746|1
100085725|2
100086578|2
100089933|1
100092624|23
100100465|13
10010651X|1
10010701X|1
100108237|2
100112544|2
100117929|1
100120067|1
100121934|1
100124844|2
100125344|1
100127282|1
100127509|1
100130186|1
100130992|1
100132308|1
100137067|1
100140912|7
10014263X|6
100155472|2
100160107|1
100160921|1
100168000|20
100173195|2
100176410|1
100180388|4
100181848|1
100182747|1
100187501|1
100189792|4
100190359|1
100195571|2
100197981|2
100198279|1
100198376|2
100202055|3
100205828|1
10020936X|2
100212204|1
100218199|1
100222609|1
100225748|1
100226426|110
100227392|1
10022783X|3
100231993|1
100234097|4
10023836X|4
100242596|2
100246915|1
100248020|1
100248896|1
10025652X|1
100262554|2
100262708|1
100264743|3
100265901|2
10026705X|1
100270565|1
100273920|6
100276199|1
100277446|1
100279090|22
100280560|1
100282431|1
100292208|1
100295770|1
100295886|2
100303501|6
10030673X|3
100308023|2
100316557|3
100316875|5
100318347|6
100322875|1
100330940|1
100333230|2
100335578|1
100343910|36
100347320|1
100348181|1
100349137|3
100351816|1
100353355|1
100356486|1
100364853|1
100372678|1
10037381X|3
100374387|1
100375065|1
100377777|1
100387608|4
100387705|2
100389724|1
100389775|117
100392822|2
100400965|2
100402259|1
100402429|2
100405487|1
100413544|1
100429009|1
100429831|3
100433030|1
10044220X|18
100442234|3
100445349|2
1004499248|2
10049465X|1
100503225|6
100515649|1
100540406|1
100544789|3
100547818|5
100547877|1
100560636|2
100563880|2
10057680X|1
100577555|2
100590292|1
100595626|1
100599532|1
100600743|1
100602878|1
100604951|1
100607101|2
100608930|5
100619258|1
100619711|1
100622313|2
100624448|2
100632300|1
100632726|1
100635318|2
100636209|4
10063656X|1
100641636|1
100643051|1
100648886|1
100652654|8
100658113|1
100659373|5
1006651853|2
100666698|1
100668119|1
100680585|1
100692478|1
100696309|345
100697186|1
100700233|1
100706460|2
100710026|1
100713629|2
100715494|1
100717969|1
100723187|1
100727034|1
100729258|1
100733468|31
100739571|109
100744869|1
100745628|1
10074575X|12
100747302|1
100755933|1
100756158|10
100758541|2
100765955|5
100766420|4
100786227|1
100788181|3
10079114X|5
10079145X|1
100792553|11
100793037|3
100796923|1
100802583|8
100803997|1
100804500|3
100810764|3
100811833|214
100811922|442
100811957|904
100816207|2
100818633|1
100828132|4
100834620|1
100839711|1
100840205|1
100841775|1
100844332|1
100847374|1
100848354|1
100850073|8
100854516|3
100857825|2
100861113|1
100863892|6
100865208|7
100866859|1
10086743X|1
100867871|1
100868274|1
100869416|2
100870414|1
100872360|1
100875580|1
100885314|1
100891721|1
100918425|2
100929052|1
100929850|1
100929923|1
100935958|3
100938663|3
100941028|1
100946992|3
100948170|1
100951783|2
100952518|1
100953441|2
100953778|1
100955835|1
100956599|3
100957196|4
100958427|1
100964338|1
100967396|3
100968872|3
100970532|3
100971067|1
100973698|2
100975127|12
100975550|1
100977480|1
100987133|1
101008090|1
101026641|6
101027761|1
101029659|3
101030320|1
101034008|2
101041152|1
101041535|3
101042515|4
101052308|1
101052677|3
101052871|1
101053800|1
101054491|5
101057261|1
101059434|1
101060475|2
101063024|82
101072872|4
101076983|4
101080263|1
101081715|1
101094485|1
101097409|1
101099983|1
101100655|1
101102240|1
101102887|1
101103573|2
10110569X|2
101110294|54
1011157233|1
1011176068|3
101130970X|1
1011448920|1
1011451743|1
1011520583|114
10116033X|9
101160518|5
101170238X|227
1011748215|1
1011885565|1
1011886286|2
101189744X|2
101206003|1
101211376|73
1012185397|6
1012185532|2
1012282872|1
101228651|1
101237470X|1
101248571|2
1012618994|1
101263503|3
1012777103|1
101294565|1
1012953203|5
101300239|7
101338377X|3
1013404386|4
101343238X|2
1013553780|5
1013644824|1
101366221|4
1013810708|1
101383878|1
1014193362|10
101420153|1
101423209|12
101427050|4
101429088|5
101434596|2
1014515564|27
1014573653|1
101457398X|1
101476930|1
101487916|1
101508298|2
10152031X|1
1015516432|6
1015771033|3
101669976|48
1016747438|3
1017050104|1
1017249733|1
1017507546|27
101761457|2
101768443|2
101774050X|1
1017885060|5
1018081550|2
1018711317|1
101877587|1
101878141|2
101919158|1
101933762|1
1019454180|1
1019459611|10
1019668903|1
1019724447|1
1019730900|2
1019738146|2
1019738693|1
1019739231|1
1019740620|1
1019742399|1
1019742828|2
1019751223|2
101975172X|1
101975219X|1
1019756551|1
1019756586|7
1019758341|2
101975849X|1
101975852X|1
1019765356|1
101985630|1
102017433|22
102030065|1
102030081|1
102035229|3
102043302|2
102093946|1
102104387|2
102104395|2
102109109|1
102109117|1
10210915X|2
102109168|3
102109230|1
102111014|1
102111588|9
102116156|8
102117470|6
102117977|9
1021187291|7
102119538|2
102119635|2
102120390|4
1021270105|10
10212809X|37
102141126|1
102161100|1
102169098|1
10217587X|2
102176094|1
102181780|1
10223244X|2
102239452|1
102249784|1
102305889|1
1023078341|2
102308845|3
10230887X|1
102309337|1
102322376|1
102334331|4
102341435|1
102347832|1
1023553007|2
1023577690|6
102358710|4
10235913X|1
102374031|1
102374562|2
102374635|7
102377405|5
102377448|1
102379998|2
102383146|1
102392080|3
102393834|2
102396337|2
102396493|2
102397112|2
102397287|2
102398291|2
102398631|2
10239962X|3
102402086|2
102403503|2
102404100|2
102408998|2
102409781|2
102417296|116
102417459X|1
102421064|5
1024249778|180
1024261190|1
102426759|4
102427186|1
102429502|1
102430187|1
102430896|51
102431108|9
102437688|1
102439672|2
102441081|10
102445052|2
10244577X|2
102446148|238
102446512|1
102447748|1
1024481913|16
102448434|2
102452377|2
102458685|1
102460442|38
102463026|1
102475385|1
1024758052|1
102478996|1
10247978X|1
1024799166|1
10248273X|1
102484449|5
102486263|65
102488001X|1
1024987833|1
1025011511|1
1025029593|2
102503915|1
1025053451|1
102506043|3
1025066596|2
102507007|1
102508542|36
102508569|71
102508585|140
1025090098|1
1025091736|1
102510636|1
1025108329|1
102511209|1
10251125X|1
102514623|1
102518157|2
102520054|1
1025207092|8
102522669|3
1025233492|1
102524653|1
102525137|1
102528012|2
102529655|1
102534152|20
102534357|1
1025373626|1
1025393988|1
102544646|1
102550018|1
102560277|1
10256194X|56
10256633X|5
1025681347|1
102571929|4
102572690|1
102573735|1
1025764706|2
1025863151|1
1026258944|1
102627940|18
10263730X|1
102656304|2
102675772X|3
1026821258|1
102705224|7
1027093574|78
102715505|14
1027282784|1
102729611|1
1027381650|1
102756252|2
1027583458|1
102763321|2
102766193|27
102774307|2
102787743|1
1027952658|1
102812586|1
102816921|2
102817472|2
102822514|1
102823219|3
102829233|5
102831629|1
1028334664|1
102833729|1
102834504|2
102836515|2
102837422|1
102839689|1
102845727|1
102846499|1
1028559259|1
102861994|1
102862834|2
102866341|1
102870055|1
1028942834|1
1028943490|1
1028945280|1
1028946309|1
1028949448|1
102895848|1
10290121X|1
102907552|1
102909490|1
102914974|1
1029174695|6
10292211X|6
10292354X|2
1029381887|1
102940606|1
1029473684|1
1029495939|1
102951411|1
102960372|1
102984387|1
102989869|1
102992363|2
103009094|1
103011773|2
103027114|1
103036504|10
103044711X|1
1030485380|1
103050159|1
103070206|1
103075445|1
103081771|1
103082034|1
103084053|15
103085297|8
103085432|17
103086757|2
103091432|8
103092285|2
103092579|1
103092749|6
103107401|1
103107819|13
103117660|3
103122087|1
103125434|1
103126775|3
103128859|1
1031330887|1
103137297|7
1031406166|1
103141693|12
1031429069|25
103143556|1
103149821|4
103151699|1
1031540156|1
1031543473|1
10315471X|1
103159665|1
1031698507|1
1032211601|1
1032515139|67
1033077852|3
1033078808|1
1033621811|1
1033787647|1
1034105132|5
1034191349|20
1034265229|1
1034585339|1
103488283X|2
103492348X|1
1034941402|3
1035105241|2
1035120046|3
1035137577|1
103514137X|1
1035175894|1
1035257300|8
1035486415|1
1035514273|3
1036332861|2
1036333140|8
1036721051|4
1036763048|6
1036856364|4
1037042379|2
103728254X|4
1037283627|4
1037339177|6
1037384962|28
103745866|4
103746897|2
103747834|20
103747915|44
103748458|2
103749209|14
10374925X|109
103750312|1
103750347|2
103750746|3
103751017|1
103751289|2
103752179X|61
1037525485|50
103752668|1
103752927|2
1037531302|66
103753184|12
1037537254|77
1037537262|77
103753826|2
103754393|5
103755180X|171
1037552660|1
1037557719|1
103755837|5
1037561473|10
1037562151|1
10375718X|4
1037574591|1
1037580052|4
10375850X|3
1037591321|1
1037597265|6
103760989|32
103760997|3
10376108X|1
103761381|6
103761403|2
1037617495|32
103761810|12
103762095X|1
10376240X|1
103762698|1
103762760|13
103763961|1
103764852|1
103765107|1
103766375|20
1037665384|1
10376691X|5
103767797|1
103768912|6
103768947|1
10376903X|1
103769544|7
1037697820|8
103770585|1
103772170|5
1037732847|1
1037851447|1
1038016568|1
1038172799|1
103965777|1
104041013|1
104043989|3
104047631|2
104048174|1
104049707|3
104050934|1
104051450|1
104054123|2
104056231|1
104057408|1
104058218|2
10406286X|1
104073101|1
104073772|1
104074353|1
104074809|1
104080078|1
104081228|1
104086408|3
104086491|1
104088125|1
104089512|1
104095962|1
104101008|1
104103957|1
104104139|1
104106069|2
104106107|1
104106190|1
104110007|1
104110058|1
104111801|1
104113715|2
104114150|2
104114614|234
104114622|27
104114630|84
104114649|26
10412315X|17
104123230|1
104123389|3
104124016|1
10412427X|1
104124830|6
104125500|1
104130636|1
104130725|1
104130881|2
104130938|1
104132132|1
104132280|1
104134186|1
10413660X|2
10413786X|1
104138017|1
104139137|1
104140674|2
104142197|7
104148411|1
104149981|1
104154950|1
10415926X|2
104160802|333
104161841|1
104163984|1
104169206|1
104173068|2
104173149|1
104173203|1
104174463|3
104174552|1
104175400|1
104177624|2
104177896|1
104178892|5
104180536|1
104181109|1
104183284|1
104183365|1
10418356X|5
104183586|2
104183764|3
104183772|3
104183799|3
104188936|1
104193379|1
104194626|1
104196092|1
104196645|2
104196661|1
104197471|1
104198400|5
104198451|12
104199148|7
104199792|4
104206489|2
104206543|1
104207205|2
104207280|1
104207299|1
104208082|2
10420883X|3
104209488|1
1042125619|2
104213701|23
104218851|1
104218975|1
104221844|4
104221917|44
104222298|1
104222646|2
104224045|1
104224266|4
104224401|7
104226447|1
104242337|4
104243430|31
104243449|8
104243473|45
104243570|7
104243597|3
104243694|1
104244933|2
104245883|6
104246073|1
104246162|2
104246901|1
104248297|1
104251263|22
104254904|1
104256621|3
104261110|1
104264527|1
104266856|1
104268301|1
104271485|2
104274328|1
104276819|1
104277009|78
104277122|123
104278846|3
104279648|1
104279699|1
104279850|1
104279893|1
104280883|1
104281960|1
10428420X|1
104285850|2
104286172|1
104286342|1
104286547|2
10428708X|2
104287519|2
104290110|6
104295074|1
104295538|25
1043025251|2
104303875|1
104304243|8
104310219|15
104310529|1
10431205X|6
104314664|1
104318295|9
104318465|4
1043188568|2
104318864|2
104321350|1
104323523|2
104324767|1
104327952|5
104333596|1
104335572|1
104337478|1
104340932|1
10434539X|2
104345748|1
104347384|19
104348038|1
10434976X|2
104350377|4
104351225|1
104351985|4
104354615|1
104356812|3
104359676|2
104361158|1
104361441|1
104361689|1
104362529|1
104365021|2
104365242|1
104366273|1
104366281|1
10436629X|2
104366508|1
104368764|9
104370025|1
104372923|1
10437294X|1
104374527|1
104374616|2
104376279|1
104376546|2
104377852|7
104379111|1
1043826866|6
104427848X|1
1044729392|7
1046155385|1
1046816446|1
1048204324|4
1048647161|2
1050403363|3
1050422325|1
1050424743|8
1050424794|1
1050473094|14
1050482751|1
105052280X|2
105053185X|1
1050543130|1
1050543173|19
1050565800|1
1051293898|1
1052507387|41
1052841309|1
1052868991|1
1053164610|1
1053648405|1
1054783489|2
1055177159|1
1055272402|1
1055339655|1
1055522069|2
1055572023|2
1055600531|26
1055704620|12
1055711864|7
1055720278|26
105616784X|36
1056405961|2
1057767808|6
1058384759|1
1060501651|1
1061197263|1
1063306981|2
1065353693|4
107153882|1
1071960849|114
1072915766|1
1073352331|43
1073414752|3
1074222768|11
1074371828|1
107447142|33
1077628846|1
107838877|4
1078648123|1
1083286250|1
1084810107|1
1089215703|58
1089413777|6
1089456743|9
1089610505|2
1089743564|1
1089951183|1
109012100|1
1090282354|1
1099324548|4
110202615|1
110847733|28
111548993|1
112016030|3
112345549|2
112659519|1
1130878465|2
113948786|11
115093311|1
115117466|1
115346724|1
115355308|1
115357254|1
115358684|4
115359966|1
115379967|1
115389385|1
115392874|2
115409254|1
115430229|1
115430571|16
115433651|1
115434801|1
115445471|1
115446222|2
115447075|1
11546333X|1
11546364X|1
115466126|1
115466975|1
115497811|2
115500995|1
11550656X|2
115524991|1
115527036|1
115527575|1
115531157|1
115532625|1
115535462|1
115540040|1
115540806|2
115548459|2
115552421|1
115560793|1
115583025|1
115587411|5
115589104|1
115600108|4
115606084|1
115614540|2
115616780|1
115627006|552
115643400|1
115648291|1
115649042|1
115649735|1
115649794|1
115653260|1
115653996|3
115661069|2
115666729|1
115666834|1
11566758X|1
115670718|19
11567618X|1
115676317|1
115691901|2
115691928|1
115694536|1
115695303|1
115722122|77
115732438|1
115732624|3
115736271|2
115745777|34
115745866|5
115751750|2
115752870|8
115754733|1
115772316|1
115773371|1
115773851|1
115775498|2
11578134X|2
115791345|1
115791361|1
115791426|1
115799877|41
115805850|1
115810099|1
115810595|1
115813535|72
115818758|1
115819258|7
115821872|1
11582328X|11
115825258|1
115825436|1
115826432|1
115826459|2
115826483|1
11582894X|1
115830359|6
11583088X|1
115831304|1
115831398|3
115832033|1
115833706|32
115838732|1
115841547|51
115842004|2
115842020|17
115843647|1
115847626|1
115848177|1
115849238|28
115854215|1
115855025|1
115857400|2
115858679|1
115862625|2
115863559|6
115864415|3
115864423|4
115864660|1
115870830|1
115872663|9
115883266|4
116000058|24
116002719|1
116005912|1
116006048|3
116006536|3
116006668|1
116008636|3
116010010|1
116011661|1
11601184X|1
116023961|1
116030542|2
116031670|2
116035285|2
116040122|3
116040149|2
116043431|2
116045760|11
116048611|2
116053356|1
116053445|1
116069570|1
11607969X|85
116086688|1
116087285|1
116091991|2
116093323|1
116096438|197
116097051|3
116108010|1
116111720|2
116116188|1
11612573X|2
116128844|1
116130709|273
116137509|1
116138955|1
11614419X|1
116146826|13
116151595|1
116152230|1
116154217|1
116161043|2
116163593|1
116166398|1
116167580|10
116170638|1
116175052|1
116175494|5
116181567|1
116184221|1
116191805|1
116197870|10
116200170|6
116206608|1
116208503|5
116210486|1
116213728|1
11621421X|16
116214376|9
116215453|1
116216948|2
116219033|1
11622133X|1
116221437|1
116225807|38
116230789|1
116232587|20
116235586|3
11623685X|9
11624481X|1
116245921|3
116246588|1
116246871|36
11624741X|1
116249048|8
116250208|1
116254386|1
116254513|7
116256753|1
116257008|2
116257881|1
116259620|6
116262877|1
116263997|1
116269790|1
116281715|1
116281928|27
116282061|23
116282088|55
116282266|1
116282940|12
11628658X|2
116292008|1
116294396|2
116298642|1
116303387|33
116309652|1
116311568|1
116317094|1
116317140|1
116317671|1
116318090|13
116318953|1
116328738|1
116335238|1
116335939|1
11633939X|1
116345497|1
116349891|1
116353430|10
116353678|1
116354925|1
116357835|1
116362014|1
116370661|3
11637408X|9
116378638|1
116381620|1
116388463|3
116391820|71
116391839|105
116391863|2
116392428|1
116395141|1
116396474|1
116397306|5
116413360|1
11641345X|1
116417722|2
116418133|4
116420170|1
116422181|1
116422750|1
116423102|1
116433175|1
11643340X|1
116436689|3
116439858|2
116442174|3
116446773|1
116450274|1
116453982|3
116458534|2
116459301|4
116460458|1
116461543|2
116461837|2
116462485|1
116467835|2
116468645|6
116473096|1
116473207|2
116474734|1
116476508|1
116477202|1
116478772|1
116482745|1
116482990|492
116484187|6
116489014|2
116490845|4
116491078|2
116492716|1
116494603|2
116497696|1
116500255|1
116501065|2
116502193|1
116506245|4
116509465|3
116514175|1
116516836|1
116517735|2
116518014|1
116521945|15
116525185|1
116527528|4
116540044|5
116541989|1
116543248|2
116549785|1
116550961|3
11655570X|1
116556870|1
116559403|1
116562498|2
116565101|1
116566345|1
116583223|1
116584432|5
11658565X|199
116587784|1
116589779|4
116590467|2
116593598|3
11659554X|2
116600020|1
116601604|4
116602821|3
116609966|2
11661451X|124
11661787X|1
116625007|1
116625538|1
116637099|12
116639296|10
116639679|1
116642424|1
116646888|1
116651156|1
116651326|2
116654694|1
116659408|1
116661321|1
116667362|1
116670444|9
116673044|1
116673257|1
116678909|10
11668514X|2
116688890|5
116689412|1
116689951|1
116692456|1
116697555|1
116698470|1
116702052|1
116702176|3
11670781X|1
116716290|1
116720166|2
11672093X|1
116722681|2
116724579|3
116725966|3
116725990|4
116735074|3
116735139|1
116741538|3
116745207|1
11674975X|1
11675026X|2
116758074|1
116759720|2
116762012|2
116765488|1
116768452|2
116768754|1
116771216|2
116776730|2
116778830|4
116779950|1
116793333|3
116796634|1
116801298|440
11680470X|4
116807652|5
116809604|3
11682087X|1
116831146|1
116832304|2
116836121|1
116836539|1
116851198|1
11685281X|1
116862297|327
116865431|2
116867612|1
116868414|1
116871105|6
116877537|5
116878584|1
116880481|9
116880880|1
116882204|5
116885165|21
116885963|1
116887044|2
116893346|25
116893516|1
116895152|1
116895160|1
11689704X|1
11690044X|1
116901993|1
116902531|1
116904496|3
116906650|1
116906707|1
116907258|1
116908823|1
116908912|1
116915188|1
116916346|1
116926635|3
11693137X|1
116932708|1
116935391|4
116939826|1
116939877|1
116943963|1
116945885|2
116947934|1
116948922|1
116950781|8
116954426|1
116954817|2
116956496|1
116958561|1
116961015|1
116973803|1
116974788|3
116976349|2
116976659|46
116983736|1
116985801|5
116991534|1
116992514|1
116994061|2
117001597|1
117004669|15
117006246|1
117010847|1
117012599|4
117013234|1
117014249|1
117019801|1
117021601|1
117027944|9
117028568|2
117031933|2
117032247|2
11703746X|1
117039063|3
117039632|5
117042277|19
117042382|1
11704296X|1
117044504|4
117051357|1
11705366X|1
117055263|1
117056219|179
117058084|1
117060429|27
117066583|1
117067938|2
117068942|1
11707215X|14
117072222|17
117072265|3
117073873|1
11707392X|1
117080586|16
117083038|1
117083631|1
117086177|1
117088307|2
11709711X|1
117098906|1
11710065X|1
11710468X|1
117106690|8
117108308|1
117108847|54
117120693|1
117124575|1
117125644|1
117126748|9
117129682|1
117129852|1
117135860|2
117146080|1
117146447|1
117147559|1
117154121|2
117154202|5
117160172|1
117161128|4
117162442|1
117166642|1
117168688|1
117169153|1
117169412|1
117173274|1
117173576|1
117178756|1
117183741|1
117185825|1
117187828|1
117187984|1
117195464|1
117195855|1
117207837|1
117209848|1
117209872|2
117212105|3
117214086|20
117218456|2
117221414|2
117221678|1
117223484|1
117233439|1
117237914|2
11724287X|1
117243264|1
117243388|20
117245305|4
117245690|1
117247391|1
117247448|1
117248339|1
117250406|1
117252824|1
117253456|1
117255726|3
117255777|1
117256145|1
117259446|1
11726430X|121
11726539X|21
117267082|2
117269514|1
117269611|2
117269891|1
117271101|1
117280135|16
11728193X|1
117282405|1
117286427|1
117293091|3
11729327X|61
117300500|1
117301213|1
117304573|2
117304999|2
117310654|43
117311421|1
117312789|1
117313785|9
117314471|2
117315060|1
117319368|2
117324272|1
117333425|3
117334731|1
117338125|1
117343382|1
117344923|1
117350249|9
117352748|2
117353051|2
117353558|1
117357812|1
117360201|1
117367788|9
117369454|1
117369500|1
117369993|1
117371777|1
117377562|1
11738027X|6
117381497|1
117384224|9
117384372|1
117395056|2
117395218|1
117399841|1
117399965|1
117400238|4
117401501|1
117402524|1
117405744|1
117407186|4
117411442|2
117414115|1
117414271|2
117415871|1
117417092|1
117417505|1
117427624|1
117429740|7
117430110|1
117433845|3
11743664X|1
117438553|2
117439916|3
117448672|1
117451118|1
117452149|1
117454273|8
117459275|1
11746015X|1
11746564X|1
117470198|2
11747357X|1
117480967|1
117485799|1
117486701|13
117491594|1
117494119|1
117495301|57
117499498|2
117504084|1
117505471|1
117508632|1
117513180|1
117514691|2
117519294|1
117519510|1
11752011X|3
117536563|1
117546011|3
117551139|3
117551880|1
117552607|2
11755703X|2
11756267X|1
117571687|1
117574317|3
117576182|1
117580724|6
117582948|1
117592641|1
117592757|24
117596205|5
117601632|1
11760318X|1
117605026|1
117608092|3
117609978|1
117612022|1
117614998|1
11761744X|1
117618349|1
117620475|2
117621676|1
117626953|40
117628131|1
11762814X|1
117633259|1
11763865X|3
117639206|1
117643351|1
117644161|2
117646083|1
117653772|2
117655740|2
117656852|1
117656887|5
117657964|1
117657972|1
117667919|1
117670790|1
117673870|8
117673889|1
117674184|1
117674214|1
117676896|1
117677183|1
117677256|3
117677337|3
117678945|1
117681857|1
117683124|3
117684244|1
11768516X|1
117691208|1
117692506|1
117698539|1
117699357|1
117701319|1
117702056|1
117706574|1
11771206X|1
117731692|1
117731803|1
117751669|2
117752037|1
117752215|1
117752266|3
117752282|1
117752436|26
117752622|1
117753416|1
117761702|2
117764310|4
117766607|2
117768006|3
118010794|1
118015664|1
118017985|3
118018116|2
118021834|1
11802275X|2
118023624|1
118025376|1
118034081|1
118041835|1
118042114|45
118042394|1
118046098|1
118047388|12
118048562|2
118049844|2
118051490|1
118064657|352
118064916|2
118064959|1
11808870X|1
118116967|1
118120646|56
118126377|1
118167375|68
118167472|40
118168916|106
118175017|2
118201913|1
118500031|6
118500201|29
11850021X|13
118500384|4
11850083X|12
118500864|3
118501089|1
118501097|3
118501127|1
11850116X|1
118501518|1
118501607|5
118501615|4
118501720|1
118501739|2
118501755|341
118501763|2
11850178X|10
118501828|81
118501844|3
118501852|3
118501909|1
118502220|169
118502239|1
11850245X|1
118502522|1
118502573|926
11850262X|65
118502883|118
118502891|11
118503405|4
118503413|4
118503456|2
118503472|12
118503499|5
118503510|1
118503529|6
118503618|2
118503642|38
118503685|3
11850374X|35
118503820|2
118503839|2
118503871|3
118503952|23
118504037|5
118504509|28
118504517|4
118504959|2
118505076|72
118505084|34
118505092|15
118505106|1
118505114|2
118505122|23
11850553X|1
11850598X|1
118506188|33
118506390|9
118506471|2
118507079|1
118507125|3
118507621|11
11850777X|2
118508261|2
118508288|1
118508318|59
118508326|658
118509470|2
118509659|3
118509810|2
118509969|3
118510169|2
118510894|1
11851122X|7
118511262|8
118511270|31
118511645|43
118511882|3
118511963|28
11851217X|2
118512234|2
118512242|2
118512315|3
118512617|2
118512722|55
11851282X|1
118512986|1
118513141|1
118513559|1
11851380X|1
118514008|1
118514237|4
11851427X|5
118514474|18
118514806|1
118515128|1
118515195|11
118515209|12
118515586|25
118516361|2
118516396|1
11851640X|395
118516418|53
118516744|1
11851685X|3
118516868|1
118517104|13
118517287|1
118517384|1
118517473|5
118518275|53
118518410|7
118518429|1
118518437|1
11851850X|100
118518534|4
118518569|1
118518658|9
118518771|41
118518836|4
118518860|1
118519034|7
118519123|1
118519255|97
118519298|2
118519697|2
118519700|2
118519719|1
118519778|1
11851993X|26
118520121|1
118520504|2
118520512|2230
118520652|17
118520695|1
118520725|2
118520814|24
118521063|8
118521071|2
118521098|4
118521292|17
118521470|1
118521675|2
118521691|1
118521713|6
118521802|2
11852190X|6
118521969|2
118522027|2
118522159|1
118522280|1
118522582|154
118522590|26
118522728|3
118522841|5
11852285X|10
118523074|4
118523708|7
118523848|1
118523929|24
118523945|1
118524623|2
11852464X|3
118524658|2
118525263|13
118525271|3
118525468|2
11852559X|611
118525697|70
118525778|4
118525867|6
118526642|9
11852786X|753
118527983|1
118528386|90
118528696|1
11852870X|1
118529013|2
118529153|1
118529714|1
118529811|6
118529862|6
118529870|2
118529927|8
118529935|1
118530577|2
118530585|1
118530666|24
118530887|2
118530925|4
118531018|9
118531328|2
118531395|3
118531409|6
118531441|10
118531557|1
118531611|3
118531840|1
118532502|86
118532510|22
118532529|19
118532537|2
118532855|2
118532960|4
118533649|1
118533908|9
118534017|107
118534416|1
118534432|2
118534556|2
118534688|1
118534947|8
118534955|4
118534963|9
118535021|10
118535641|4
11853565X|3
118535730|16
118535749|132
118535757|22
118535765|3
118535773|5
118535781|5
11853579X|17
118535803|3
118535862|3
118535889|26
11853596X|3
118535978|12
118535986|9
118535994|8
118536524|1
118536796|3
118537202|3
118537288|2
118537334|2
118537369|20
118537520|10
118537814|7
118538209|1
118538322|55
11853839X|1
118538527|2
118538535|12
118538543|13
118538624|1
118538748|1
118538926|3
118538969|88
118539132|3
118539469|7
118539957|1
118540084|1
118540238|23
118540378|3
118540610|412
118540793|2
118540939|1
118541013|1
118541072|2
118541838|3
118541889|1
118541900|1
118542273|1
118542648|2
118542702|27
118543032|17
118543725|3
118543733|22
11854392X|1
118544306|11
118544365|4
118544373|6
118544489|1
118545140|4
118545221|3
118545906|2
118546139|21
118546201|43
118546961|3
118547216|6
118547615|1
118547623|1
118547658|224
118548166|10
118548174|24
118548182|1
118548204|16
118548255|5
118548263|1
118548271|1
11854828X|2
118548298|3
118548301|3
11854831X|3
118548336|5
118548565|2
118548778|1
118549286|3
118549421|5
118549480|2
118549774|1
118549847|3
118549855|3
118550292|2
118550535|1
11855073X|1
118550853|15
118551124|2
118551353|2
11855140X|8
118551698|1
118552023|1
118552236|5
118552716|1
118552724|1
118552805|7
118552945|2
118552953|163
118552961|1
118553070|828
118553321|12
11855333X|16
118553437|1
118553569|25
118553763|1
118553771|1
118554077|2
118554115|2
118554727|1
118554948|2
118555049|2
118555324|23
118555359|12
118555650|1
118555677|4
118555723|1
118555855|1
118555898|26
11855591X|1
118555928|7
118556010|3
118556045|212
118556126|4
118556703|23
118556800|11
11855686X|107
118557394|1
118557432|1
118557459|5
118557513|240
118557556|4
118557769|3
118557793|4
118557815|29
118557858|29
118557866|2
118557882|2
118558013|1
118558323|1
118558382|59
118558390|7
118558404|24
118558536|6
118558544|8
118558684|2
118558714|9
118558862|3
118558897|43
11855896X|4
118559273|27
118559796|2
118560034|22
118560042|14
118560050|1
118560085|6
118560093|92
118560107|16
118560115|1
118560123|10
118560158|2
118560166|1
118560174|1
118560182|6
118560190|6
118560263|2
118560328|24
118560557|3
118560565|14
118560573|26
11856059X|3
118560751|2
118561448|10
118562347|1
118562746|7
118562924|7
11856322X|11
118563319|1
118563386|5
118563734|3
118563890|249
118564404|3
118564781|2
118564994|8
118565079|1
118565184|9
118565192|3
118565672|1
118565796|2
118567993|1
11856806X|1
118568426|4
118569112|1
118569317|3
118569376|1
118569651|1
118569767|1
11856997X|2
118570293|21
118570420|7
118571249|4
118571850|1
118571869|27
118571877|4
118572032|21
118572121|90
11857258X|2
118572628|60
118572873|8
118573268|9
118573349|1
11857342X|2
118573624|3
11857387X|2
118574078|4
118574450|220
118574701|1
118574817|4
118574884|2
118574906|2
118574949|22
118574957|1
118575155|1
118575198|1
118575228|2
118575236|1
118575430|4
118575449|133
118575511|4
118576682|1
118577077|1
118577336|19
118577352|1
118577379|8
118577441|1
118577468|9
118577700|2
11857776X|2
118577778|3
118577808|2
118577816|4
118577824|1
118577840|32
118577867|20
118577891|1
118577905|6
118577965|2
118577972|6
118578030|1
118578073|1
118578219|3
118578286|1
118578308|2
118578979|10
118579029|2
118579185|2
118579355|19
118579371|269
11857938X|5
118579398|2
118579436|2
118579444|2
118579452|2
118579703|1
118579843|75
118580485|12
118580515|2
118580744|5
118580914|1
118581074|21
118581082|77
118581090|958
118581147|2
118582038|2
118582143|50
118582313|1
11858233X|2
118582607|1
11858331X|1
11858362X|1
118583719|1
118583808|1
11858412X|7
118584138|6
118584146|3
118584596|2
118584871|2
118585274|25
118585517|20
118585533|1
118586467|3
118586718|3
118586807|2
118586971|3
118586998|10
118587668|65
118588001|1
11858815X|290
11858880X|1
11858913X|3
118589385|7
11858944X|1
118590111|14
118590200|4
118590278|4
118590421|12
118590758|3
118590766|2
118590774|2
118590898|1
118590995|318
118591355|4
11859169X|3
118591924|507
118591975|1
118592068|1
118592246|2
118592564|1
118592602|220
118592793|1
118592815|2
118592904|34
118592912|15
118592955|26
118593056|3
118593234|19
118593323|25
118593765|1
11859382X|1
118593838|2
118593846|1
118593862|9
118593870|8
118593943|1
118594214|2
118594427|2
118594540|2
118594575|25
118594605|10
118594613|3
118594702|6
118594710|4
118594885|1
118594893|11
118594974|2
118595083|1
118595237|9
118595512|2
118595636|3
118595652|2
118595741|5
118595946|2
118595989|2
118596047|16
11859611X|1
118596462|3
118596500|1
118596926|3
118596934|2
11859723X|1
118597248|6
118597450|1
118597574|2
118597787|331
118598031|10
118598708|2
11859897X|12
11859964X|274
118599712|45
118599852|1
118600257|1
118600273|1
118600346|15
118600354|2
118600486|7
118600621|337
118601652|2
118602497|1
118603078|6
118603426|37
11860354X|268
118603701|7
11860371X|5
118603787|1
118604082|8
118604155|2
118604775|144
118604988|1
118605046|1
118605097|8
118605100|13
118605232|7
118605313|2
118605534|2
118605836|2
118605933|1
118605941|8
118606557|1
118607359|1
118607421|1
11860760X|4
118607626|32
118607782|2
118607960|3
11860841X|20
118609815|1
118609823|1
118609947|28
118610066|8
118610430|75
118610554|11
118611089|3
118611410|1
118612131|1
118612271|1
118612336|11
118612433|2
118612492|5
11861276X|2
118613073|1
11861309X|2
118613200|21
11861343X|1
118613537|4
11861357X|3
118613723|137
118613898|2
118614185|5
118614193|1
118614215|1
118614703|11
118614746|1
11861486X|2
118615076|32
118615270|13
118615300|623
118615394|3
118615610|2
118615688|3
118616099|4
118616226|8
118616315|1
118616382|2
118617273|1
118617826|5
11861794X|45
118619292|32
118619470|1
118619993|9
118620010|2
118620452|13
11862086X|1
118620916|2
11862119X|1
118621211|1
118621335|10
11862167X|1
118621742|3
118621769|2
118621793|3
11862203X|2
118622099|9
118622102|1
118622110|3
118622323|3
11862234X|3
118622358|1
118622501|11
11862251X|1
118622625|19
118622803|1
118622854|21
118622897|7
118622951|7
118622994|112
118623028|16
118623567|17
118623796|2
118625284|1
118625586|5
118625616|4
118625756|11
118625942|2
118626183|1
118626213|3
118626264|1
118626574|105
118626647|28
11862671X|10
118626841|1
118627082|1
118627171|1
118627295|1
118627813|35
118627848|1
118627910|9
118628615|2
118628755|7
11862884|1
118628968|1
118629166|1
118629433|4
118629492|12
118629662|1
118630067|79
118630369|1
118630563|13
118630687|5
118630938|1
118631349|3
118632108|6
118632299|2
118632477|6
118632787|12
118632868|1
118632922|1
118632930|1
118633600|7
118634224|4
118634453|3
118634771|4
118634895|2
118636510|4
118636707|1
118636715|9
118637010|5
11863707X|1
118637266|2
11863738X|4
118637533|1
118637606|1
118637622|2
118637665|3
118637673|1
118637681|1
118637819|2
118638203|14
118638319|1
118638521|17
118638599|17
118638785|1
118638831|14
118638963|1
118639072|1
118639110|1
118639242|62
118639552|60
118639560|32
118639595|6
118639749|2
11863979X|1
11863982X|1
118639889|9
118639897|2
118639927|1
118639951|2
118639986|24
118640003|33
118640011|8
118640062|2
118640119|1
118640208|4
118640283|2
118640437|3
118640445|97
118640496|2
118640658|5
118640674|1
11864078X|2
118640909|140
118640917|3
118640941|9
118641026|2
118641158|5
118641182|23
118641190|47
118641328|10
118641484|51
118641549|16
11864162X|4
118641743|1
118641786|83
118641913|72
118641972|1
118642103|1
11864260X|3
118643096|1
118643150|3
118643177|767
118643347|1
118643355|17
118643525|10
118643886|9
11864405X|2
118644130|2
11864436X|6
118644386|1
118644432|103
118644807|1
118645021|2
118645099|3
118645544|1
118645552|2
118645617|2
118645781|1
11864601X|43
118646575|4
118646877|11
11864713X|18
118647180|52
118647229|1
118647504|5
118647571|1
118647652|4
118647717|2
118647733|12
118647911|1
118647989|4
118648098|1
11864811X|3
118648195|1
118648217|36
118648306|4
118648594|1
118649035|2
118649280|1
118649302|4
118649361|4
118649418|11
118649442|5
118649450|6
118649469|9
118649485|1
118649507|2
118649639|2
118649647|2
118649728|3
118650033|4
11865005X|1
118650114|2
118650130|8
118650386|1
118650440|5
118650513|2
11865117X|4
118651439|20
118652184|6
118652885|3
11865330X|4
118653377|31
118654063|2
118654624|1
118654772|3
118654942|14
118655078|1
118655140|20
118655159|1
118655329|1
118655434|2
11865635X|1
118656368|3
118656570|54
118656724|1
118657038|1
118657100|9
118657372|1
11865750X|9
118658115|4
118658263|10
118658336|27
118659278|19
118659413|63
118659456|40
118659529|1
118659642|1
118659952|1
118660047|12
118660438|2
118660489|19
118660829|3
118661078|3
118661183|1
118661469|1
118661728|3
118661957|2
118662244|16
118662864|1
118662961|11
11866316X|1
118665200|110
118665332|86
118665499|93
118665553|1
118665693|4
118666053|31
118666061|1
118666339|2
118666479|2
118666835|9
118666843|1
118667041|4
118667211|1
11866722X|2
118667246|2
118668536|57
118668544|4
118669184|24
118669613|1
118669796|1
118669818|1
118670379|1
118670433|2
118670603|2
118670611|1
118670786|3
118670999|1
118671499|2
118671596|2
118671928|1
118671979|1
118672231|8
11867231|1
118672657|12
118672797|43
118673149|1
118674005|40
118674013|40
118674382|33
118674609|14
118674978|2
118675303|1
118675435|3
118675656|1
118676040|1
118676059|6
118676075|3
118676202|4
118676504|1
118676512|12
11867661X|5
118676881|3
118676903|2
11867692X|13
118678345|277
118678477|1
118678531|2
118678752|8
118678965|2
118679325|1
118679422|25
118679651|7
118679759|20
118680358|2
118680471|1
11868101X|238
118681524|4
118681826|3
118682296|1
118682318|1
118682415|2
118682431|1
118683136|1
118683500|2
118683527|587
118683837|2
118684450|2
118684566|4
11868468X|3
118684728|60
118685414|1
118685627|1
118686704|2
118686712|1
118686739|1
118686763|1
118686852|1
118687387|20
118687441|3
118687468|2
118687581|1
118687883|2
118687891|2
118688065|1
118688294|1
118688456|6
118688642|3
118688685|1
118689185|5
118689746|1
118690299|1
118690442|1
118690655|1
118690949|10
118691880|6
118692437|1
118692887|2
118692895|1
118692925|7
118692941|1
11869295X|1
118693484|3
118693514|1
118693522|15
11869362X|9
118693859|3
118694022|2
11869409X|1
118694170|1
118694383|1
118694413|2
11869507X|10
118695436|11
118695916|28
118696009|39
118696211|30
118696254|12
118696521|2
118696602|2
118696734|1
11869703X|161
118697064|103
11869720X|3
118697390|3
118697404|5
118697943|1
118698451|2
118698753|43
118699431|2
118699598|1
118700103|2
118700421|9
118700804|2
118700944|1
118701568|1
118702297|2
118703188|1
11870320X|2
118703226|2
118703242|10
118703498|2
118703501|1
11870351X|1
11870382X|6
118704249|1
118704664|2
118704672|2
118704753|1
118705695|1
118706055|1
118706187|10
118706217|126
118706292|1
118706438|1
118706462|14
118706616|4
118706810|35
118706934|3
118706950|1
118707264|1
118707582|1
118707698|1
118707701|1
11870950X|2
118709755|1
118709771|10
11870978X|14
118709887|20
118709917|16
118711539|4
11871161X|8
118711687|128
118712179|123
118712365|1
118712373|22
118712381|4
11871239X|1
118712403|1
118712411|4
118712497|5
118713183|1
118713299|6
118713302|1
118713337|10
118714058|2
118714090|6
118714570|2
118714724|5
118715372|1
118715380|2
118715615|3
118716166|7
118716425|2
118716859|1
118716891|3
118716913|47
118716921|1
11871693X|2
118717030|2
118717154|3
118717642|2
118717758|20
118717847|1
118718266|7
118718355|2
118718444|5
118718789|4
118718800|1
118719173|1
118719238|1
118719823|1
118720074|1
118720856|9
118720864|1
118720880|1
118720902|5
118720945|8
118720953|1
118721135|3
118721143|1
11872116X|1
118721224|70
118721313|6
118721852|1
118722204|2
118722603|1
118723049|1
118723464|1
118723499|36
118723510|4
118723529|1
11872424X|1
118724347|1
118725602|1
118725785|1
118725947|7
118726102|1
118726676|5
118726757|20
118726870|2
118727389|1
118727664|8
118728571|7
11872861X|2
118728628|1
11872908X|2
118729152|8
118729187|2
118729314|19
11872939X|2
118729411|2
11872942X|58
118729438|5
118729500|3
11872987X|3
118730177|2
118730711|2
118730819|1
118730983|1
118730991|2
118731076|1
118731122|1
118731181|9
118731270|2
118731610|2
118731718|1
118731890|5
118731912|2
118732145|7
11873248X|9
118732560|10
118733141|1
118733273|82
118733389|1
118733591|2
118733885|2
118734210|2
118734555|1
118734911|1
118735942|1
118736183|2
118736256|44
118736515|124
118736590|1
118736671|1
11873668X|1
118737775|2
118738070|1
118738097|2
118738747|3
118738887|1
118738925|3
118739247|2
118739301|6
118739530|5
118739549|7
118740091|3
118740180|4
118740709|1
118741004|7
11874111X|250
118741691|1
118741837|2
118742167|1
118742213|1
11874223X|3
118742272|2
118742906|2
118742922|1
118743058|4
118743163|1
118743368|4
11874349X|1
118743627|1
11874416X|1
118744305|11
118744399|1
118744771|19
118745239|26
118745425|11
11874559X|1
118746324|273
11874707X|3
118747118|1
118747525|2
118747622|1
118748017|1
118748602|2
118749218|2
118749234|1
118749544|9
118749617|10
118749625|57
118749757|3
118750518|2
118751034|1
118751069|7
118751085|1
118751263|6
118751530|5
118751808|3
118751867|1
11875193X|2
118751999|1
118752936|1
118753665|4
118753703|12
118754211|250
118754343|1
118754815|3
118755366|231
118755544|3
118755552|4
118755730|605
118755862|2
118756087|4
118756109|1
118756141|1
118756885|3
118756907|1
118758055|1
118758330|1
118758349|9
118758896|38
118760246|2
118760343|2
118760688|2
118760726|5
118760955|4
118761803|1
118761919|4
118762648|2
118763032|3
118764616|1
118764659|4
118765671|17
118765728|6
118766163|1
118766678|1
118766686|1
118767003|1
118767100|9
118767135|9
118767240|3
118767461|2
118767496|8
118767909|242
118767933|2
11876800X|73
118768204|64
118768247|5
118768344|3
118768417|1
118768522|3
118770241|5
118770462|5
118771175|250
118771841|4
118772392|2
118772635|43
118773399|6
118773712|1
118773720|4
118773895|1
11877414X|66
118774352|1
118774530|215
118774840|5
118774875|56
118775006|1
118775391|1
118775553|1
118775782|3
118775839|1
118775847|1
118776517|20
118776630|32
118776797|3
118777122|13
118777432|2
118777572|94
118777580|17
118777599|2
118778404|1
118778420|5
118778595|5
118778811|10
118779141|253
118779230|1
118779516|1
118779540|2
118779729|6
118779893|2
118779966|4
118780077|1
118780115|4
118780514|4
118780530|1
118780549|6
118780735|1
118781391|1
118781529|105
118781766|2
118781871|1
118782029|43
118782711|3
118783033|1
118783270|7
118783319|1
118783548|2
118784803|5
118784900|4
118784919|2
118785478|1
118785931|4
118786105|1
118786199|1
11878630X|3
118786792|43
118787152|1
118787292|22
118787314|2
118787357|6
118787403|2
118787748|129
11878790X|38
118788159|2
118788272|2
118788604|5
118788655|2
11878885X|28
118788884|3
11878935X|26
118789406|6
118789554|2
118789899|1
118790455|11
118790463|2
11879048X|3
118790498|2
118791109|6
118791141|11
118791184|1
118791621|7
118791753|1
118791885|2
118792032|40
118792113|2
118792172|14
118792385|2
118792407|9
118792415|3
118792423|9
118792628|2
118792822|1
118793241|1
118793446|3
118793608|2
118793691|2
118793977|5
118794280|8
118794396|35
118794485|1
118794604|15
118794817|41
118794949|1
118794973|2
118795430|1
118795449|1
118795740|1
118795929|1
118795937|1
118795961|21
118797158|2
11879728X|1
118797476|2
118797697|280
118797972|1
118798022|6
118798170|1
11879826X|1
118798480|2
118798545|1
11879941X|3
118799460|1
118799487|6
118800310|2
118800574|24
118800868|24
11880099X|2
118801562|3
118801600|442
118801732|1
118802380|15
118802712|7
118802879|1
118802968|3
118803077|1
118803085|3
118803107|4
118803522|1
118803530|1
118803549|1
118803697|1
118803743|3
11880409X|1
118804111|1
118804197|1
118804243|2
118804316|1
118804480|1
118804758|3
118804944|4
118805274|37
118805304|7
118805495|6
118805568|1
118805762|47
118805797|436
118805967|1
11880605X|2
118806432|20
118806491|149
118806645|1
118806823|5
11880720X|11
118807331|5
118807358|2
118807714|2
118807811|1
118807935|4
11880796X|1
118808087|2
118808222|3
118808230|12
118808443|2
118808524|4
118808591|1
118808605|3
118808613|12
118809334|4
118809873|1
118810553|1
118810936|16
118810944|2
118811576|1
118812343|52
118812785|1
118814206|43
118814834|3
118816829|42
118816950|16
118817167|53
118818252|5
118818880|9
118820206|2
118820613|1
11882077X|1
118822195|10
118822659|2
118822748|76
118822837|1
118823310|6
118823329|1
118823906|3
118824759|42
118824775|1
118825283|1
118826085|25
118826131|1
118826816|3
118827138|1
118827979|4
118828363|67
118828371|67
118828622|2
11882872X|4
118829157|4
11883083X|7
118834134|1
118834320|8
118834460|50
118834657|6
118834770|1
118834886|8
118835076|5
118835335|1
118835432|4
118835440|1
118835696|7
118835785|3
118836218|1
118836870|11
118836889|16
118836897|8
11883715X|2
118837206|46
118837265|3
11883732X|260
118838709|34
118838881|8
118840266|1
118840541|1
118841270|1
118841378|124
118843680|44
118844105|2
118844296|62
118846787|2
118847422|2
118848399|1
118848445|3
118849549|35
11884962X|1
118850652|35
11885254X|71
118853740|6
11885500X|50
118857452|1
11885772X|1
118858432|2
11885870X|2
118858955|10
118859617|2
118861646|2
11886176X|1
118862294|7
118862960|1
118863401|21
118864319|5
118865838|4
118867865|1
118868217|65
118868713|1
118868896|2
118869329|2
118869590|2
11887036X|6
118873415|5
118874195|36
118874233|3
118874268|4
118876368|4
118876848|2
118880225|2
118880349|1
118880640|56
118881337|1
118882317|1
118882503|2
118882929|5
118882945|1
118883151|1
118883542|3
118883712|1
118884719|3
118884840|3
118885235|1
118886673|3
118890220|1
118891138|2
11889157X|2
118893289|3
118894242|1
118894617|2
118895656|1
118896261|75
118899988|5
118900927|1
118901125|2
118901583|1
118901761|3
118901834|2
118901885|6
118904043|5
11890406X|2
118905422|1
118905481|2
118907417|1
118907832|28
118908154|80
118910035|2
118910906|210
118912860|18
118913816|10
118913859|5
118913905|9
118917218|7
118917447|1
118919466|1
118920758|1
11892088X|6
11892141X|2
118921584|4
118923412|43
118924850|2
118925059|4
118925563|59
118927426|1
118928082|2
118929100|50
118930192|1
118930222|1
118930915|6
11893094X|1
118931474|4
118931962|2
118933876|1
118936972|2
118937375|1
11893810X|2
118938363|4
118943936|8
118944053|1
118946099|1
118946730|1
118947397|2
118947648|6
118949373|3
118952269|1
11895363X|3
118955179|4
118955314|1
11895623X|1
118956507|20
118956604|14
118956817|8
118958461|1
118958682|86
118958690|5
118960709|4
118962779|1
118963287|3
118963600|1
118965956|1
118966219|41
118966650|1
118966669|2
118966731|2
118966928|3
11896710X|92
118967282|1
118968416|19
118968580|23
118968696|12
118969080|2
118969137|6
118971328|1
118973258|4
11897341X|3
118973886|1
118973932|1
118974173|1
11897436X|2
118976435|3
118976664|2
118977156|13
118977164|4
118977350|2
118977636|2
118977806|1
118978128|24
118980084|1
118981021|2
118982508|1
118983431|5
118985140|8
118985981|2
118986155|17
11898618X|4
11898716X|3
118987976|25
118988328|7
118989871|1
118990209|1
118995219|1
118996428|2
118996452|2
118996479|2
11899669X|2
118997025|1
118998420|1
118999370|1
119000776|17
11900108X|2
119002078|2
119006227|5
119006642|2
119006839|1
119006944|35
119007495|1
119007754|28
119008157|172
119009129|1
119010186|5
119011190|4
11901176X|1
119012391|1
119013797|2
119014459|1
119014793|2
119015471|11
119018063|1
11901808X|1
119019116|1
119019752|1
119019906|2
119020572|3
119020890|2
119021048|1
119022079|35
119022516|40
119022524|4
119024098|8
119024101|1
119024845|77
119024918|4
119025299|1
119025701|1
11902571X|7
119026708|78
119028743|1
119034034|1
119039842|1
119039923|1
11904238X|5
119044021|7
119044137|1
119044757|1
119045184|2
119046024|1
119046482|2
119046806|3
119048833|8
119049392|45
119049546|23
119050870|2
119051559|1
119051753|2
119052636|20
119053721|13
119057379|3
119059614|33
119059622|1
119059800|1
11905986X|4
119060493|3
119063565|1
119063778|1
119063905|1
119064162|2
119064324|2
119067471|1
119067692|8
119068311|3
119069563|1
119070081|3
119070731|3
119070758|2
119072149|9
119072432|1
119072645|2
119072858|1
119072866|3
119073293|2
119073838|1
119074109|1
119074958|3
119076128|1
119077647|2
119078244|148
119078880|2
11907978X|1
119079925|3
119080184|2
119080419|2
119080958|110
119081458|1
119084139|7
119086395|6
119090198|1
119090864|1
119091771|1
119091852|1
119093049|2
119095548|1
119095777|10
119095939|1
119098229|2
11909990X|1
119099950|30
119100142|1
119100320|9
119100673|1
119100703|6
119101343|1
119103699|3
119105624|92
119105691|10
119107767|1
119107996|4
119108445|1
119108542|5
119112590|2
119113007|2
119115433|1
119116529|8
119117037|2
119117304|6
119117851|12
119117983|6
119120674|6
119120712|1
11912081X|382
119121204|2
11912288X|2
119124378|1
11912517X|1
119125552|1
11912761X|38
119127628|1
119127776|2
119129787|1
119130025|1
119130084|30
119130947|1
11913215X|1
119132931|1
11913408X|1
119134578|1
119134934|1
119135434|1
119135574|1
119135809|1
119137356|9
119137364|1
119137712|2
119138085|1
119138174|2
119139162|3
119139170|2
119139332|73
119139804|10
11913988X|29
119140659|1
119142953|1
119144573|1
11914462X|4
119144948|3
119145111|2
11914624X|1
119147262|5
119147378|276
119148463|2
119148668|5
119150182|7
119151693|1
119151804|1
119154161|4
119155060|1
11915708X|87
119157411|2
119159236|10
119159589|5
119160161|7
119160978|7
119161060|1
119163608|2
119163861|1
119165198|6
119166291|2
11916955X|1
119170531|3
119171082|1
11917426X|3
119175800|2
119176629|58
119176637|100
119176645|6
119177323|2
119177420|1
119179466|65
119181797|2
119183471|12
11918348X|3
119186128|1
119186640|3
119188325|6
119189550|2
11919063X|4
119193310|1
119193531|1
119193833|1
119195380|4
119196905|1
119199351|1
119200414|35
119200767|15
119200775|2
11920245X|12
119205009|1
119206064|213
119206080|5
119206110|1
119207265|1
119207826|3
119208792|5
119209071|7
119209322|1
119209853|10
119209993|21
11921038X|1
119211327|1
11921332X|13
119214644|1
119215152|2
119215780|1
119216388|2
119217120|1
119217600|3
119218968|1
119221292|1
119222825|1
119223473|1
119224364|5
119224674|1
119226014|2
119229196|8
119230941|1
119232111|2
11923212X|1
119233096|4
119240416|5
119240874|8
119241676|1
119241811|2
119242443|2
119243113|4
119243210|1
119244292|1
119244349|3
119244381|11
119244853|2
119245108|1
119248506|1
119248980|3
11925011X|62
119255820|5
119256908|5
119258862|4
119260433|1
119261197|3
119263491|10
119263580|1
119264536|1
119264900|2
119265931|1
119266741|2
119270161|1
119270277|1
119272334|1
119272830|2
119272849|2
119273950|4
119279983|96
119282453|1
119283395|1
119286297|1
119289474|2
119291002|5
119291479|6
119292203|1
119297175|2
119297337|1
11929771X|1
119303108|19
11930466X|2
119305836|4
119307324|1
119308169|1
119310813|2
119314002|1
119314851|141
11931486X|47
119314878|38
119315238|6
119315416|1
119316900|1
119317761|18
119317869|3
11931844X|1
119318873|1
119320207|129
119320800|2
119320827|4
119322870|61
119325438|8
11933075X|1
119333600|1
119333945|1
119334690|195
119337630|2
119338882|5
119344483|5
11934632X|1
119346672|3
119349752|1
119352540|4
119353008|1
119353504|1
119353717|49
119355329|6
119355396|3
119357550|4
119357577|2
119357585|7
119359138|2
119362341|1
119362503|25
119362767|1
11936316X|7
119363542|1
119363577|30
119367459|1
119368684|1
119369265|2
119369303|15
11936977X|2
119369958|39
119372193|1
119372207|8
119372819|1
119374862|2
119377403|1
119377713|2
119378736|1
119379147|1
119381842|1
119382148|3
119383012|6
119383195|1
119383330|119
119383845|8
119384027|1
119384124|2
119388871|2
11938888X|1
119389118|2
119392895|5
119396432|3
119398613|1
119400839|12
119406330|1
119407515|2
119410524|1
11941077X|1
119414651|41
119415410|1
119421488|2
119424215|2
119426099|2
119427435|66
119427672|1
11942889X|1
119431386|1
119434547|1
11943492X|1
119435128|5
119436094|2
119440067|2
119441020|7
119441969|192
119442027|26
119442620|1
119446723|1
119447568|1
119450658|1
119454858|49
119454874|2
119455579|5
119455935|1
119456915|1
119458446|5
119458632|1
119459663|1
11945971X|1
119462206|1
119462761|1
119463288|2
119465639|1
119468816|1
119469200|2
119469626|1
119471205|1
119471345|2
119471922|3
119481758|1
119482231|3
119484587|3
119485338|1
119485680|2
119486849|1
119486911|9
119487403|2
119487918|3
119489694|6
11949213X|3
119493926|1
119494523|72
119495244|5
119497468|61
119497662|8
119497921|5
119497980|2
119498162|110
119498472|1
119501201|2
119501449|1
119501600|2
119502208|2
119502992|68
119503379|1
119504227|1
119504707|2
119506394|1
119509113|2
119510448|6
119511320|1
119512297|7
119512602|1
119519224|2
119519364|1
119519976|3
119520761|1
119521431|3
119521733|1
119522098|1
119522152|3
11952354X|24
11952452X|2
119524759|5
119524767|2
119528975|1
11952936X|5
119531720|1
119534355|1
119536196|1
119536420|1
119536455|1
119539586|1
119539780|2
119540045|3
119543192|1
119543451|1
119543869|6
119545411|1
119546256|2
119546655|11
119547317|1
11954931X|2
119550016|1
119550881|8
119552264|1
119552388|1
119553848|2
119555603|2
119555867|1
119556731|1
119556839|1
119557444|1
119558718|1
119559811|9
11955996X|5
119560313|2
119607336|1
119608561|1
119625261|7
119640821|4
119641070|2
119641208|1
11964259X|1
11965203X|1
11965301X|1
119653079|1
119653389|3
11965461X|1
119663805|1
119665441|57
119669692|23
119670771|1
119677687|1
119678365|3
119692538|1
119693623|1
119696053|1
11970014X|49
119702134|86
119710544|1
119710935|1
11971714X|2
119723301|3
119731630|43
119731924|2
119732556|20
119732971|1
119736446|1
119747170|34
119748932|1
119749130|1
119750244|1
119758490|1
119761726|1
119763559|2
119764245|85
119770695|1
119781050|1
119784998|68
119787261|1
11978727X|1
119792389|1
119792680|1
119801663|1
119812681|66
119813653|2
119824876|3
119824965|1
119827417|2
119831813|2
119831961|1
119838451|14
119839520|1
11984463X|4
119852942|1
119854473|4
119861216|1
119865181|81
119865718|1
11986763X|4
11987346X|2
11987363X|1
119878941|77
120006030|1
120016788|1
120018306|1
120021080|3
120031027|2
120033607|5
120037912|1
120040115|3
12004899X|1
120056100|1
12006068X|1
120064006|2
120064111|1
120064847|1
120065290|1
12006703X|1
120067110|2
120079437|3
120082268|12
120084716|1
120090058|1
12009150X|3
120091550|1
120097249|3
120097265|1
120101084|2
120101211|1
120101696|1
120102161|1
120105659|138
120115530|26
120125374|6
120125897|2
12013666X|1
120141620|1
120153696|1
120157969|1
120158388|18
120159562|2
12016423X|1
120166658|2
120168081|7
120171910|1
120174952|2
120174960|2
120178060|1
120178818|2
120182815|2
120182874|1
120183102|1
120186349|1
120186845|2
120189348|2
120190524|1
120191024|1
120193795|1
120197812|1
120215403|1
120219719|2
120227649|1
120231069|1
120233304|1
120251922|1
120251973|1
120252619|2
120253313|1
120253801|1
120265559|1
120269287|221
120270145|4
120273314|1
12028300X|1
120291371|3
120294109|27
120305879|1
120307790|12
120310805|1
120321092|2
120325306|1
120339994|2
120340437|2
120341913|1
120360047|29
120368927|2
120374048|1
120374102|1
120376547|1
120379007|6
120381303|1
120387794|1
120412055|1
120416689|9
120417820|16
12042729X|1
120437678|4
12043881X|1
120439344|1
120439352|1
120440407|1
120451573|1
120453525|2
120462761|1
120468662|1
120475898|1
120478129|1
120479273|1
120480301|2
120526190|1
120527839|2
120530791|1
120532549|2
120533251|1
120533308|1
120533421|35
120536633|1
12055819X|1
120564939|5
120568276|1
120580497|3
120580535|1
12058221X|1
12058252X|1
12058817X|1
12058820X|2
120595214|4
120597411|1
120606429|2
120609495|4
120627736|1
120631121|1
12063774X|1
120638169|4
120657589|1
120662639|1
120663279|1
120667886|3
120668327|1
120669226|4
120671883|1
120674203|1
120677709|2
120686953|1
12068943X|1
120690020|16
12070465X|24
120746921|15
120748231|1
120753243|106
120769255|12
120773163|113
120802538|1
120812959|1
120815958|1
120815966|4
120823063|1
120825961|2
120839784|1
120850818|1
120855828|1
120862042|5
120864967|21
120888432|1
120898306|291
120909170|1
120911167|3
120914751|3
120916363|5
120945266|1
120952750|1
120956136|1
120963884|1
120972638|7
120974614|1
12097469X|1
120977354|46
120998785|1
121000524|1
121009084|56
121009351|1
121010295|1
121012638|8
121019314|2
121036359|1
121043673|13
121043878|12
12105120X|1
121052893|2
121057623|6
121058778|15
121058816|2
121068927|1
121077926|1
121079546|1
121081230|2
121083128|4
121083373|46
121085627|1
121088049|2
121088642|2
121089002|1
121090019|68
121094111|113
121094421|4
121095401|14
121097439|297
12109748X|6
121097552|312
121097684|8
121102491|2
121104079|1
121104885|1
121110141|2
121110559|159
121118398|1
121119424|2
121120481|2
121123596|3
121124835|1
121134873|1
121136574|82
121145050|5
121145905|1
121147185|2
121150712|1
121151611|1
121152596|1
121154068|1
121154394|8
121158160|18
121160815|1
121162389|1
121166341|18
121187470|9
12118904X|180
121193047|8
12119311X|1
121199630|2
121203689|8
121209881|1
12121544X|1
121217760|3
121218287|2
12123228X|35
121237656|3
121239985|35
121242285|1
12124749X|12
121253252|1
121253465|1
121254305|1
121256138|4
121256545|2
121257932|2
121257975|1
121260364|1
121276872|1
121279189|1
121280047|1
121286673|6
121288900|1
121298108|1
121300420|1
121301087|1
12130325X|1
121306305|1
121318931|1
121320081|1
121320936|21
12132141X|3
121327795|1
121329151|1
121332276|3
121334317|1
121336921|2
121337243|1
121352102|2
121353311|1
121357759|2
121363201|2
12136643X|1
121370186|1
121379752|1
121381005|1
12138263X|1
121385965|1
121386597|1
121387984|2
121388751|1
121396991|2
121400778|2
121401448|3
121404528|2
121408094|4
121409627|1
121416607|1
121430863|1
121433757|1
121442314|1
121444198|2
121445879|1
121453839|2
121456935|79
121458199|1
12146086X|1
121461491|26
121462013|1
121463486|5
121465500|1
121467961|2
12146881X|15
121473961|1
121479838|1
121480569|1
121480852|2
12148565X|1
121486818|1
12148811X|1
121496899|1
121499162|45
12152230X|3
121526860|2
121530299|49
121540243|1
121544796|4
121551075|2
121557200|2
121557502|1
121559424|1
121564568|6
121579484|3
121581217|1
121582701|1
121583562|1
121585565|2
121585778|4
121589811|2
121590151|1
121594416|1
121597377|1
121601811|2
121610772|1
12161672X|2
121618765|1
121619788|9
12161980X|1
121623475|1
121626954|1
121633985|1
121635775|6
121646459|1
121647730|1
121652521|1
121652998|1
12166404X|16
121674746|1
121675777|140
121675858|1
121681351|1
121685349|3
121687406|4
121690504|4
121693562|1
12169934X|2
121700526|1
121721345|2
121732916|2
121734862|1
121735060|2
12173725X|1
121738051|2
121739651|1
121740463|2
121745783|6
12174616X|1
121751627|1
121754170|1
121758745|36
121760766|1
12177094X|3
121772330|3
121772551|7
121772624|235
121780759|1
121783642|1
121786129|2
121786781|1
121786927|1
121787486|1
121791750|1732
121792412|57
121795047|1
121804364|1
121806774|3
121807835|1
121813738|5
121819876|1
121822036|2
121822338|3
121823768|1
12182764X|1
121830675|1
121852881|2
121865452|3
121866971|1
121871444|1
121874508|1
121880567|2
121882918|1
121885550|1
121885674|5
121886018|1
121886522|1
12188824X|10
121888851|1
121890198|8
121891453|1
121893049|4
121894274|431
121894290|122
121899845|2
121899926|1
121901459|1
121906914|3
12190816X|377
121909859|1
121915808|1
121921522|1
121922235|25
121923827|2
121927083|1
121933296|43
12193358X|1
121936031|1
121936686|1
121946746|1
121947017|1
121966674|2
121967751|1
121978788|373
121978877|28
121986500|1
121987000|4
121989739|1
121994724|1
121998533|1
121999300|3
122000188|1
122001087|2
12200535X|1
122006267|2
122008332|1
12201796X|5
12201894X|48
122019687|317
122027248|9
122028805|10
12203418X|1
122035143|9
122036182|1
122038355|31
122038754|5
122044517|1
122045742|7
122052919|15
122053060|2
12205315X|4
12206075X|1
122061616|1
122069447|3
122071085|4
122071247|8
12207288X|11
122075560|2
122075854|26
122076044|13
122076311|145
122076354|2
12207811X|12
12207937X|2
122080963|1
122085345|1
12209025X|2
122090292|41
122090357|37
122090438|170
122093798|56
122094158|3
122094204|460
122094220|8
122097564|1
122101022|2
122105672|1
122106644|3
122113357|3
122113535|1
122114663|1
122119363|2
122123670|12
122125312|19
122126475|1
122130006|1
122130944|2
122131584|3
122131924|1
122132807|474
122134931|1
122144708|2
122145100|3
12214516X|3
122149610|1
122150031|2
122150147|4
122150325|12
122150554|54
122154770|2
122165446|5
122177649|12
122178831|1
122180488|4
122181123|4
122181220|1
12218243X|1
122183843|1
122187768|4
122188284|1
122190319|1
122194284|1
122200489|1
122207718|16
122208269|15
122210573|2
122224043|1
122224655|2
122229894|3
122232054|2
122235401|5
122235800|388
122239377|1
122246918|1
122252330|2
122259998|1
122263588|2
122266358|3
12226813X|1
122268857|4
122269071|2
122269950|1
122272145|1
122293665|573
122293738|11
122294238|1
122296613|1
122296656|1
122296826|18
122296931|1
122297229|27
122298543|11
122305418|2
122316568|1
122316924|11
122319974|67
122328922|5
122342070|1
122362519|1
122366794|1
122372840|2
122373944|2
122374282|11
122374495|1
122380088|1
122381335|1
122381483|1
122381491|1
122384148|19
122389298|8
122390555|1
122391047|4
12241182X|1
122413415|3
122413431|1
122423739|1
122426746|3
122433998|1
122438469|115
122441311|29
122461223|1
122461592|40
122466705|1
122479955|2
122479963|2
122493303|1
122493400|1
12249444X|3
122495624|6
122496523|1
122496671|1
122498348|1
122500806|2
122512588|1
122521250|1
122521307|3
122521625|8
122530888|4
122532570|1
122533526|1
122539435|2
122544358|2
122549023|7
122558340|1
122558464|2
122560035|4
122576187|1
122577590|2
122581792|120
122581830|21
122582519|1
122582977|2
122583019|17
122583787|10
122585569|1
122585712|1
122588320|1
122598792|1
122611101|1
122617894|1
122621085|1
122629825|4
122641000|6
122641124|6
122641205|3
122641248|3
122651634|1
122656849|2
122666372|93
122673093|4
122673409|1
122676327|2
122685555|1
122685733|1
122687981|2
122691253|1
12269158X|2
122692454|1
122694236|1
122695712|6
122695763|2
122699777|1
122700031|29
122705157|1
122708687|2
122714806|10
122718011|56
122729854|5
122730054|2
122731913|3
122734076|2
122737458|1
122741722|1
122746848|3
122748107|7
122748379|5
122750209|5
12275297X|12
122755383|2
122755464|31
122760506|2
122761448|2
122765893|1
122766644|28
122767306|2
122771613|1
122775279|1
122776178|9
122777816|1
122781058|1
122781783|2
122781961|7
12278605X|2
122786068|2
122786114|1
122786637|19
122786912|4
122786920|9
122786939|1
122789148|3
12279043X|1
12279155X|1
122801253|83
122801636|6
122802101|26
12280659X|1
122813871|59
122823583|614
122825144|1
12282704X|2
122829867|114
122831780|2
122831977|1
12283433X|1
122834402|11
122834429|10
12283447X|2
122834585|40
122834658|49
122834720|29
122834860|1
122836561|1
12283710X|2
122837339|3
122837436|1
122837525|12
122837606|3
12284131X|2
122844467|1
122846915|1
122848233|1
122850823|1
122851447|1
122851641|1
122852354|1
122852389|2
122852575|1
12285263X|1
122852648|1
122854659|1
122856139|2
122856279|1
122856368|1
122856384|1
122856430|1
122856449|1
122858395|2
122858573|1
122858638|1
122859820|1
122859847|1
122871790|1
122874110|1
122875699|34
122878698|1
122883098|6
122885589|1
122888553|3
12289278X|1
122893360|1
122898524|1
122899539|349
122902637|1
122902718|1
122910311|1
122910419|1
122910532|2
122914074|1
122930037|1
12293153X|1
122934172|23
122941322|1
122941659|42
122943961|1
122944909|1
122945565|1
122948564|15
122949722|110
122952340|4
122954475|25
12295890X|2
122958977|14
122961552|5
122961617|1
122961714|2
122968468|175
122968840|4
122969596|4
122970535|1
122971280|1
122974050|1
122978471|1
122981545|1
122988426|6
122996399|24
123000610|1
12300652X|1
123006961|2
123009456|1
12301011X|7
123017793|1
123017831|1
123018455|4
123018498|3
123018536|32
123018587|10
123018625|6
123018633|6
123018854|1
123028345|1
123030919|1
123032296|5
123033101|1
123035414|1
123038162|2
123040353|2
123042054|1
123045037|120
123045347|2
123046114|1
123052998|1
12305480X|2
123055520|2
123066212|7
123071488|1
123071704|4
123076455|32
123078369|4
12308007X|74
123082307|4
123082854|1
123082978|16
123083109|3
123086590|2
123090393|1
123091047|127
123091063|4
123091756|3
123097568|7
123097789|4
123097959|4
123102839|1
123107040|1
123117631|1
123128358|1
123129885|25
123141702|2
123150043|1
123153468|4
123153484|8
123154359|6
123156971|1
123162939|3
12316527X|3
123165385|1
123165474|3
123166314|12
12316883X|1
12318441X|4
123185823|17
123190142|18
123206545|1
123207606|5
123216036|1
123216605|2
123220610|25
123242630|7
123245826|1
123248302|1
123248620|4
123248728|7
123249155|6
12324918X|2
123251249|2
123253705|27
123253756|11
123253780|1
123258049|99
123258219|2
123258685|11
123258804|3
123260108|2
123264456|1
123264502|2
12329245X|1
123298903|1
123301319|6
123303362|5
123309670|1
123310210|1
123312000|2
123325749|1
123330653|1
123330688|9
123333741|7
12333375X|1
123338077|2
123338468|7
123338557|6
12333862X|12
123338646|3
123338700|7
123345537|3
123345596|19
12335272X|1
123359147|2
123360552|4
123364116|1
12337944X|16
123379636|13
123380103|15
123380464|23
123380502|1
123381789|38
123381843|16
123383692|10
12338432X|1
12338446X|11
123384621|3
123384648|1
123384664|2
123395186|2
123396123|1
123397839|18
123403928|19
123406951|1
123414245|4
123414253|303
123429145|84
123429579|2
123429609|1
123429811|9
123434262|34
123442508|3
123442524|1
123451485|1
123453968|22
123458625|1
12346157X|1
123462983|1
123466849|2
123467411|63
123472075|1
123479851|1
123481708|3
12348992X|1
123494265|2
123495148|5
123498570|2
123506204|1
123510635|6
123512093|2
123512166|1
123515750|1
123519349|1
123530822|1
123531985|8
12353481X|1
123540313|17
123542650|7
123545269|1
12355232X|11
123556562|5
123561817|1
123568005|1
123569761|4
123587026|5
123597528|2
123608775|1
123610311|3
123611725|1
123616832|15
12362195X|2
123622085|1
123625157|1
123633648|2
12364366X|1
12364433X|3
123645336|5
123652545|1
123652685|36
123652693|2
123657105|12
123662427|1
123662982|1
123663032|1
123667313|2
123669073|1
123672678|40
123690153|35
123700035|1
123729432|14
123730643|6
123731453|4
123736706|1
123742617|1
123746876|1
123771137|1
123771331|1
123774896|3
123778468|3
123792894|4
123801915|1
123804280|22
123816637|1
123825547|1
123825792|59
123827051|2
123845394|2
123872359|1
123880092|2
123880815|2
123887577|1
123889014|40
123901154|1
123901227|1
123902452|25
12391664X|146
123926416|1
123944902|2
123946174|46
123946239|1
123951321|1
123959306|2
12396685X|98
123972000|2
123976790|2
123983150|10
123983460|3
123984599|34
123984890|28
123984939|2
123989582|3
123992419|117
124002501|1
124003524|1
124013384|1
124013643|3
124013759|3
124013945|2
124014291|1
124014356|48
124014364|2
124016391|1
124016626|14
124017177|2
124018491|1
124019668|2
124020046|3
124020097|1
124020240|75
124020313|1
124020348|3
124020364|2
124020372|2
124025080|8
124028675|2
124036465|11
124036759|4
124038611|3
12403909X|1
124042627|4
12406163X|1
124079091|1
124083501|1
124094597|1
124095968|3
124101070|25
124103391|1
124104428|1
124118895|7
124126790|1
124136036|1
124147089|1
124148409|1
124152309|1
12415347X|1
124163580|20
124164285|7
12416465X|1
124164722|4
124165044|13
124165079|1
124165125|4
124166296|1
124166385|1
124167691|26
124170153|1
124171729|137
124173209|4
124180043|1
124192262|80
124192912|1
124209807|1
124210651|1
124213677|1
124215599|1
124222463|1
124222773|1
124226752|1
124235441|1
124235816|3
124240631|4
124243444|2
124244300|1
124247792|42
12425568X|1
124255736|1
124256333|1
124268420|1
124269931|3
124269982|1
124270441|1
124277497|4
124288839|1
124290256|1
124290817|90
124291147|1
124304311|1
124304893|1
124305539|2
124315283|1
124315356|4
124317316|21
124317359|2
124317472|1
124318401|2
124318460|15
124319076|5
124319165|12
124319319|14
124327362|69
124330568|51
124331025|1
124331394|27
124333141|74
12433539X|14
12434479|1
124351239|2
124355900|2
124356028|1
124356478|1
124359833|1
124365108|1
124367194|1
124368425|1
124368611|1
124370225|1
124371930|7
124372430|3
124374360|1
124375596|1
124377378|2
124377971|1
124380468|5
124380867|2
124381200|4
124384927|58
124387101|2
124387314|1
124387497|3
124391567|46
124391834|2
124397646|1
12440409X|1
124404103|1
124408508|1
124409334|1
124409628|41
124414559|2
124417957|2
124425003|1
124425054|2
124427146|1
124428215|7
124429254|1
12443262X|3
124435866|1
124442102|11
124442188|1
124444482|1
124444822|123
12444537|24
124455336|1
124458947|1
124459129|5
12445917X|34
124459234|2
124461255|3
124461530|22
124464661|16
124465382|10
124468489|31
124485790|1
12449224X|3
124493238|9
124496776|4
124498116|3
124498302|669
124498477|7
124500153|52
124502261|1
124506364|1
124515975|1
124517250|1
124518362|20
124520073|1
124528317|1
124531997|1
124534767|3
124538398|2
124538401|1
124538487|1
124538517|1
124538533|3
124538584|1
124538657|2
124538673|2
124542646|1
124543081|2
124547311|1
124554202|1
124555578|1
12455749X|1
124565395|1
124565867|114
124566065|1
124571905|3
124572375|1
12457601X|33
124577008|57
124577466|92
124579469|1
12458134X|6
124581374|1
124583725|1
124585094|3
124587917|1
124591493|3
124602509|1
124604390|1
124613330|3
124613551|1
124614205|1
124615813|4
124630588|1
124630642|24
124631177|1
124631347|2
124633927|1
124635806|1
1246368891|1
124637868|2
124639399|2
124642527|1
124642896|1
124646522|54
124653618|5
124653812|1
124655785|5
124657265|1
124660584|22
124664555|11
12466458X|1
124665233|1
124665837|1
124668526|3
12466900X|4
124669700|1
124670261|1
124675956|2
124676480|2
124677304|9
124678521|1
124681298|12
124681328|14
124684505|1
124686605|1
124687970|1
124690726|9
124691374|1
124692133|1
124694152|3
124697186|9
124698840|3
124700470|31
124701337|8
124701531|3
124703879|1
124704034|1
12470803X|1
124708390|6
124712592|1
124713491|2
124716199|3
124718523|1
124723233|1
124724175|9
124729460|2
124735614|1
124741029|2
124741045|1
124744885|1
124745938|2
124748015|1
124750923|2
124751679|19
124754260|1
124755119|1
124760031|1
124760996|2
124761305|4
124762689|3
124766331|1
124770878|1
124771262|1
124774423|1
124775802|1
124779581|1
12478397X|1
124784550|1
124788971|3
124794815|1
124796389|2
124810039|1
124817017|16
124817637|37
124827047|30
124827527|1
124828604|1
12482997X|1
124833004|4
124834078|1
124835031|1
124835589|1
124839754|1
124842364|6
124843778|48
124852483|1
124853749|1
124854001|1
124854184|2
124856195|3
124857701|1
124859739|3
124865070|1
124876153|31
124878997|1
12487908X|46
124883168|1
124886574|3
124889328|1
124894348|318
124900151|1
124905234|1
12490582X|1
124906486|19
124924719|1
124927262|2
124935192|16
124936571|2
124939384|2
124943403|1
124944647|3
124963048|1
124972160|2
12497371X|2
124974716|1
124976484|5
124983243|3
12498407X|37
124985734|3
124986102|25
12499203X|2
125003676|1
125844611|1
126260974|1
126701385|2
126789274|1
126790949|1
127312749|1
127498389|6
127548300|2
127609520|1
127842918|3
127881506|23
127997113|16
128273003|1
128306033|1
128350253|10
128351314|3
12836632X|1
128370416|7
128382643|2
128397853|1
128415851|53
128418087|7
128418567|1
128418842|2
128429070|3
12843614X|7
128440449|1
128442867|1
128460334|3
128500247|1
128506474|1
128511400|1
128514051|1
128516011|2
128523883|4
128526262|1
128529148|1
128530022|2
128534958|2
128535741|1
128536861|1
128541482|8
128545720|1
128553235|1
128554665|1
12856279X|1
128569255|1
128569298|2
128569301|2
128569840|2
128574801|1
128576847|333
12858811X|1
128598360|741
128600187|2
128600519|35
128600691|1
128608102|29
128609052|1
128610212|40
128615346|1
128616296|11
128624280|8
128632097|2
128649798|3
128650788|1
128651431|1
128652055|1
128655321|1
128656212|2
128658355|1
128665904|4
128670606|1
128672455|13
128678259|4
128681241|1
128683589|5
128687096|1
128694378|11
128694459|7
128694491|27
128698373|47
128699876|1
128700645|3
12870599X|12
128710292|1
128718358|9
12872059X|1
128720956|1
12872370X|1
128735325|20
128735430|28
128744405|1
128756098|1
12876340X|8
12877505X|2
128784717|1
128789670|3
128790539|4
128797665|7
128802804|1
128812524|8
128812850|1
128816406|15
128817321|2
128821779|1
128829567|1
128837403|1
128840366|1
128846712|9
12884728X|15
128849150|1
128854359|2
12885443X|1
128866012|7
128867574|1
12887189X|2
128872365|1
128873779|1
128873868|4
128873884|2
128885920|2
12889301X|10
128893109|4
128893451|2
128893486|10
128893540|3
128898860|1
128899840|1
128908467|8
128917318|2
128920335|1
128922427|1
128930993|2
128937769|1
128957085|2
128957298|1
128957921|47
128960345|2
128960620|37
128962321|3
128964421|3
128967943|1
128973234|1
128994371|1
129002593|79
129004006|2
129004847|1
129012343|37
129012351|25
129018589|1
129020125|3
129034436|1
129039659|1
12904217X|1
129042633|1
129042951|78
129042978|6
129043478|1
129043621|2
12904363X|6
129043958|1
129044881|1
129047937|1
129053732|1
129057681|1
129059846|1
129059889|112
129063800|2
129063924|2
129068403|6
129072060|1
129072931|21
129073601|85
129078506|42
129079502|1
129084964|5
129085154|2
129085367|40
129091049|1
129097861|1
129100153|37
129100692|10
129100730|6
129101052|3
129101370|1
129101869|2
129101893|1
129101990|33
129102180|1
129102598|21
129102687|10
129102709|1
129102873|1
129102903|2
129103829|2
129103837|3
129103896|2
129103985|5
129104221|1
129107808|1
129108464|1
12911149X|2
129111562|6
129112011|79
129112151|7
129112348|11
129112364|29
129112437|2
129113026|10
129113530|3
12911359X|44
129113638|1
129113727|121
129113964|7
129114286|1
129114324|22
129114642|2
129114677|5
129114804|1
12911491X|10
129115029|3
129116815|2
129117056|7
129123587|2
129124990|1
129125199|1
129125342|2
129125423|2
129125849|12
129127094|2
129128015|3
129148733|1
129148903|1
12914892X|1
129148970|7
129149071|10
129149209|1
129149411|5
129149497|11
129162191|1
129166200|1
129170445|1
129172642|2
129174327|30
129174572|16
129174793|29
129176435|1
129178829|8
12917906X|2
129179175|3
129179507|4
129180726|2
129180920|4
129181218|1
129181781|1
129182141|3
129182362|4
129182753|28
129182885|1
129183210|3
129185795|8
12918814X|2
129201456|2
129230316|1
129233544|3
129238635|1
129241741|2
129242896|1
129246948|85
129246980|9
12924712X|7
129247448|4
12925018X|4
129250988|18
129251798|23
129251844|5
129251895|2
129252220|1
129252239|4
129252247|2
129253537|21
129254592|1
129254835|22
129254894|3
129255068|1
129264601|3
129266272|2
129267600|8
129267864|1
129268747|2
129268925|9
129269328|4
129269336|12
129269484|9
129269743|1
129270733|1
129270849|1
129271640|7
129271691|1
12927786X|17
129287083|4
129287660|1
129287679|30
129290874|1
129294640|38
129303666|1
129303984|1
129304913|1
129306258|1
129306401|1
129306509|1
129306665|1
129308838|18
129310840|1
129321567|1
129326453|1
129344966|2
129346446|1
12937282X|3
129376973|1
129381020|1
129386499|19
12939159X|1
129395633|1
129395641|11
129400947|1
129401846|3
129408328|33
129411728|16
129417084|79
129420298|4
129423742|3
129444049|2
129444502|2
129450588|1
129452572|1
129454265|6
12945527X|3
129459550|3
129462438|1
129470716|2
129472107|1
129475998|1
129476676|7
12948590X|1
129488909|2
129489522|1
129490121|1
129497762|5
129500135|5
129504998|1
12950517X|1
129505714|4
129505765|91
129505919|46
12950730X|1
129514799|7
129520136|2
129532967|3
129535060|1
129536229|6
129536245|6
129552364|1
129564702|8
129565148|5
129580074|1
129586862|1
129594385|1
129595268|1
129605603|6
12960786X|1
129611875|1
129630942|4
129640409|1
12964658X|42
129648329|13
129653896|1
129656194|1
129656984|1
129662402|2
129666076|1
129674850|1
129675199|1
12967575X|1
129677450|1
129678376|1
129679860|1
129680435|1
129685844|150
129693774|4
129700347|2
129702978|2
129704083|1
129709042|2
129715506|1
129724106|7
12972646X|1
129726788|1
129728888|1
129729175|1
129736066|1
129738298|1
129744174|3
129748609|1
129755974|1
129756075|2
129756210|8
129759813|1
12976048X|7
129763608|8
129765597|4
129767727|3
129768049|2
129784605|2
129785687|1
129786578|1
129793353|1
12979824X|1
129799106|2
129799114|2
129820601|1
129822272|2
129823848|1
129824755|1
129826138|1
12982626X|1
129826359|1
129826642|1
129828572|1
129831115|1
129836842|1
129839213|2
129847798|2
129860263|1
129868353|1
129869465|20
129873209|2
12988054X|1
129880949|1
129884294|2
129896012|3
129909505|1
129912220|1
129925969|1
129952176|1
129958905|5
129978469|7
129979430|1
129981117|1
129989827|8
130011622|8
130017493|1
130026034|11
130038296|3
130052132|36
130062936|2
130066176|2
130067229|5
130072109|1
13007540X|1
130101931|16
130106151|1
130108200|2
130118257|1
130126004|15
130126780|2
130137936|1
13013855X|1
130139297|1
130139300|2
130144460|4
130158852|39
130162302|2
130170534|2
130184187|8
130184357|1
130184705|5
130197742|1
130223905|16
130236012|2
130236268|25
130238864|2
13024418X|3
130249424|2
130249742|3
130251801|2
13026833X|5
130268917|5
130268976|3
130270601|1
130278793|1
130289612|1
130302414|1
130304336|2
130318485|15
130327360|10
13032941X|1
130340766|1
130340936|6
130348570|1
130367257|3
130388254|138
130403180|54
130403326|1
130412058|1
130414042|1
130418498|4
130420859|6
130424277|1
130448508|2
130449903|3
130460885|14
130469467|2
130469521|42
13047102X|3
130484539|2
130486213|4
130490253|2
130492507|1
13049416X|7
130494771|3
130498300|174
130511676|1
130512567|1
130517992|3
130521329|1
130522600|1
130529230|1
130531324|50
130531642|1
130532223|1
13054082X|8
130555061|1
130556947|1
130561819|9
130565393|7
130565644|4
130571466|1
130588423|2
13058861X|1
130588687|1
130604917|1
130622257|11
130630276|2
130635731|1
130652792|1
130658987|1
130659185|1
130681946|26
130744174|1
130801887|2
130818151|29
130827444|2
130840025|17
130841161|8
13084215X|2
130851469|1
130854220|1
13087647X|1
130882461|1
131241559|1
131345680|1
131369067|56
131382594|1
131383922|4
13142744X|1
131428950|17
131447416|1
131447823|3
131463896|1
131467107|6
131472097|1
131472836|1
13148561X|2
131495143|5
131502123|1
131502743|1
131502786|2
13150309X|1
131503219|1
131504029|37
131506668|1
131517449|1
131530437|1
131543512|10
131548808|6
131568647|38
131582038|1
131599224|7
131599887|2
131600729|79
131601954|1
131634984|1
131645196|4
131646230|1
131652311|1
131659448|25
131679546|2
131717715|4
131717731|4
131725270|5
131731475|1
131733001|1
131733028|1
131734288|4
131734326|3
131746898|1
131750755|3
131766619|1
131783610|2
131783807|9
131786709|2
131789481|18
131789635|4
131803662|1
131805339|1
131813188|2
131847457|3
131850091|1
131857770|4
131857797|8
131858742|1
131858807|1
131858874|1
131858947|2
131868268|1
131886053|1
131893505|3
131893556|43
131893823|6
13189403X|3
131894188|3
131894722|2
131894919|1
131911252|23
131915657|1
131929453|13
131930648|1
131936484|1
131940090|1
131945092|1
131955497|2
131968882|2
131968963|6
131974793|1
131974947|3
131975048|14
131990330|4
131995758|1
13200657X|1
132011476|1
132020262|26
132021994|1
132040557|3
132040611|1
132040875|27
132089912|3
132107139|2
132112450|77
132122219|1
13213571X|2
132140594|1
132142805|1
132143364|2
132143771|6
132146479|21
132150247|1
132152940|2
132158922|2
132160374|1
132166380|2
132169320|1
132170213|2
132188147|1
132193809|1
132201143|30
132217554|1
132248786|1
132249154|1
132249596|117
132250896|1
132251086|1
13225171X|4
132253860|1
132258900|1
132279029|4
132279762|2
132282852|1
132293730|1
132302918|2
132302934|3
132304023|2
132316307|16
13232749X|2
132331101|1
132343762|1
132344106|2
132350947|1
13235411X|6
13236168X|2
132366126|8
132366509|2
132368501|1
132368587|2
132374412|2
132380110|1
132399121|1
13239944X|1
132399741|1
132411636|1
132412039|1
132415658|1
132428830|2
132430185|4
132442876|1
132456990|8
132459485|1
132461196|1
132463903|1
132468743|2
132471841|1
132472643|1
132472759|1
132479834|1
132482398|10
132507285|4
132511819|1
132512882|1
132515369|4
132515504|1
132516012|1
132521547|8
132527340|1
132539268|1
132541823|8
132549565|1
132552272|90
132553392|1
132559218|1
132573881|3
132589559|1
132592916|1
132604698|30
132613190|7
132613824|16
132620847|1
132643952|21
13264827X|3
132648342|1
132654512|3
132657929|1
132678527|59
132690616|7
132697661|6
132719908|5
132724774|1
132726920|1
132727110|2
132740486|1
132744023|1
132745747|1
132754185|1
132767473|3
132782685|20
132804298|1
132820811|56
132824663|1
132828855|1
132851660|1
132862832|1
132874709|1
132874792|1
132898071|2
132902974|1
132964449|1
13296550X|2
132969548|1
132969629|1
133027929|1
133031411|21
133044564|1
133067521|9
133095134|1
133118991|1
13313332X|2
133136256|2
133139999|2
133146154|1
133147975|1
133153363|7
13315789X|3
133165205|36
133171884|1
133173976|1
133178544|13
133186482|1
133193977|1
133194116|16
133202364|1
133202615|2
133205487|28
133216659|2
133245950|2
133251756|1
13325366X|1
133254925|17
133255360|1
133272605|1
133274292|2
133275965|2
133280314|1
133281213|1
133281884|2
133281981|1
133306127|1
133306372|12
133320472|1
133419878|2
133428931|2
133443833|6
13344399X|2
133466264|1
133473066|4
133477185|1
133479862|36
133482847|1
133493164|1
133493695|2
133498050|3
133529509|3
133529878|1
133550850|1
133552772|1
13355886X|1
133627187|21
133637484|1
133639894|1
133645479|1
133655458|1
133655717|1
133656810|1
133664473|2
133665461|1
133666735|3
133688585|1
133690261|1
133703800|2
133709469|1
133758028|1
133764478|14
133768147|1
133773663|1
133779963|3
133824799|12
133831590|111
133852644|2
133855376|17
133927229|1
133937283|15
133950190|1
133989348|8
133997936|2
13399807X|2
134045432|5
134073991|1
134091027|2
134105001|2
134106997|6
134125894|5
134138929|1
134147979|2
134148231|2
134153944|1
134171187|2
13417478X|7
134176596|3
13417836X|1
13418243X|1
134198158|1
13421319X|1
134222865|1
134264657|2
134285727|7
13428576X|7
135542618|8
135546907|3
135549434|6
135549442|16
135560802|1
135570522|2
135589746|1
135593034|2
135593123|3
13560558X|1
135647223|6
135662486|1
135666856|8
135673968|1
135681863|1
135685613|1
135686296|1
135695538|2
13569695X|6
135697875|2
135705398|1
135706653|50
135708524|1
135708745|1
135718899|7
135719585|10
135719747|7
135725496|9
135728649|2
135735114|7
135737761|2
135739527|1
135746639|194
13576095X|1
135761387|3
135764351|1
135772923|1
135785499|2
135785634|1
135788994|2
135789052|1
135832292|5
135848156|1
135852544|3
135862132|1
135868157|1
135868793|1
135881366|3
135883946|2
13588943X|3
135889502|1
135895014|2
13590062X|1
135903653|2
135904943|78
135921503|2
135926165|13
135926947|1
135939585|1
135941636|1
135944449|1
135959810|1
135960045|1
135975867|16
135979773|1
135982790|2
136000223|5
136000495|1
13602095X|1
136021085|2
136021123|1
136021190|1
136021220|1
136021646|6
136025315|4
136025854|1
136041965|3
136042619|10
136047327|1
136054307|114
136069053|5
13607023X|1
136084184|1
136091954|1
136109705|1
136139329|1
136146414|5
136152600|1
136168205|1
136169643|1
136180035|1
136182208|1
136186130|1
136186866|8
136197353|1
136201296|1
136218253|1
136231225|1
136248969|1
136250858|2
136255906|1
136271006|1
136296165|1
136302181|1
136302270|1
136311377|1
136325815|1
136325866|1
136343708|1
136343716|2
136392954|5
136399061|1
136399975|1
13640877X|2
136409296|1
136409318|1
136421288|1
136431070|1
136440517|1
13644086X|2
136459773|1
136468098|1
136523129|1
136535836|1
136548040|1
136653898|1
136655343|1
136668534|1
136671357|2
136729185|1
136733255|1
136735657|2
136760295|1
136779859|10
136830781|3
136849474|1
136865453|33
136913709|1
136923003|1
136952968|4
136960308|1
136974740|9
136979904|1
13699072X|2
137039468|1
137068956|1
13707963X|2
137081510|1
137083866|1
137093799|2
137099630|1
137126182|3
137126336|2
137172729|2
137195230|16
137213166|1
137215231|3
13722950X|1
137291582|3
137325762|1
137339186|1
13735066X|2
137350872|2
137362382|1
137373260|1
13738257X|2
137388292|1
137400799|1
137423152|2
13743037X|1
137449275|3
137488653|1
137532237|1
137640137|3
137650752|2
137673620|4
137727089|1
137729855|1
137735677|1
137784376|3
137836422|1
137922035|11
137960069|1
138027013|1
138043043|1
138054231|3
138058415|4
138085803|38
138121818|43
138130469|6
138157952|1
138159769|4
138173575|1
13817668X|1
138217467|1
138250715|1
138268991|1
13826919X|2
138287953|1
138365296|1
138367736|2
138378967|1
138388709|1
138410488|27
138417296|1
138419647|1
138422230|5
13842683X|2
138426910|3
138435669|4
138469881|23
138475245|3
138496439|1
138514712|2
138529949|1
138529981|12
138541922|6
138558515|2
138561117|1
138605750|1
138671206|2
13871410X|8
13873576X|1
138777411|1
138787964|2
138801290|1
138829217|1
138839905|58
138866945|1
138892652|9
138892970|1
138902348|1
13890670X|2
138923302|6
138933030|6
138941270|3
138965315|2
139010300|1
13901148X|1
139024344|1
139049487|1
139052666|2
139063749|13
139078126|1
139081887|46
139095004|1
139105859|12
139143874|12
139148213|14
139149600|1
139151788|1
139154205|1
139159320|2
139172807|2
139179461|6
139187375|14
139211780|1
139244352|2
139264787|2
139264973|122
139265546|4
139310304|1
139320318|1
139353275|1
139361960|1
139386831|1
139423656|1
139479996|49
139483667|3
139483721|74
139493921|16
139511997|26
139524088|90
139566937|2
139616969|2
139625666|1
139628371|1
139657460|299
139788603|1
139803459|1
139811168|1
139870326|1
139885676|1
139914692|1
139925805|43
139937056|1
13997864X|1
139994432|1
140068406|1
14008603X|3
140252150|2
140277471|2
140294783|1
14030651X|2
140309926|1
140341943|1
140379053|2
140396837|1
140490469|1
140511733|6
140551905|1
140615857|1
140646345|2
140873538|1
140981764|1
141099755|1
141114835|1
141185961|1
141195428|66
141245786|1
141246480|2
141257342|2
14131978X|1
141334355|2
141394633|118
141394951|2
141401044|1
141545356|1
141560665|3
141564156|1
141615427|1
141618019|27
141628677|1
141670126|4
14167489X|1
14167640X|2
141678615|3
141732202|1
141835427|1
141884738|4
141912197|1
141918365|2
141929707|1
141933801|1
141938153|1
141949759|3
141962720|5
141996285|1
142028533|3
142167444|2
142181331|1
142185701|2
142221511|10
142241652|1
142257524|1
142317926|1
142362077|1
142375675|16
142400203|1
142407100|1
142414115|13
142431095|1
142433799|1
14250355X|2
142517410|1
14251876X|2
142551163|30
142574864|2
14259654X|1
142707007|1
142707953|1
142729418|1
142732516|2
142744298|3
142750387|5
142774367|2
142789801|1
142806943|1
142811882|1
142860980|1
142873470|1
142878103|1
142887544|1
142915076|1
142936383|3
142962376|3
143020455|13
143020757|7
143029002|1
143111329|1
14312403X|1
14313616X|1
143173952|1
143180118|14
143214462|1
143241001|1
143243918|2
143262998|5
143291130|7
143291491|18
143292927|2
14331565X|1
143409891|5
143434071|1
143479318|1
14349662X|2
143644955|2
143662015|2
143669540|2
143680439|5
143682466|21
143701614|47
143710052|3
143730037|70
143735381|1
143781855|12
143848011|1
143871455|2
143874705|1
143905406|24
143961764|2
144048426|104
153704896|1
156364557|2
156425025|1
156998513|2
1584|17
159350026|1
159573041|1
15958695X|1
159698278|1
159738547|18
159744415|1
159761859|1
159773857|1
159786797|1
159788374|1
160080215|212
160400155|1
161026613|1
173340636|2
174133197|2
174164513|11
174207530|49
174245122|2
174324324|1
174331592|2
174336349|1
175271984|2
175444854|1
17615875|1
176952683|1
179091115|2
188432116|1
18843240X|1
188436707|1
188464786|1
189388609|38
18946318X|1
189557729|1
18958410|2
19022230|1
2013051|2
2016864|36
2020381|21
2023003|2
2051813|3
2089329|2
36862055|1
4180139|1
4207303|1
4390626|2
500000358|1
500010971|3
500020339|2
500022744|2
506591|1
5313082|1
7674421|1
8989|588
HP01750458|106
gnd|1
http|26